A=[                         4                          1      -1.999999999999999778       1.000000000000000222      1.4999999999999995559 -4.7747125969287845724e-17     -1.4999999999999993339     -2.1213203435596419411      -1.499999999999999778  -1.742974789557434562e-16      1.4999999999999993339      2.1213203435596419411      1.4999999999999995559 -1.1936781492321964512e-17     -1.4999999999999993339     -2.1213203435596419411     -1.4999999999999995559 -2.1010782343270934511e-16      1.4999999999999993339      2.1213203435596419411      1.4999999999999995559   2.387356298464391978e-17     -1.4999999999999993339     -2.1213203435596419411     -1.4999999999999995559 -2.4591816790967523403e-16      1.4999999999999993339      2.1213203435596419411      1.4999999999999995559 -1.1936781492321961431e-17     -1.4999999999999993339     -2.1213203435596419411      -1.499999999999999778 -2.1010782343270934511e-16      1.4999999999999993339      2.1213203435596419411                          0                          0                          0                          0
                         1                          4       1.000000000000000222      -1.999999999999999778       1.499999999999999778       2.121320343559641497      1.4999999999999991118  6.4593572573399596207e-20     -1.4999999999999995559      -2.121320343559641497      -1.499999999999999778 -6.4593572573399596207e-20      1.4999999999999995559      2.1213203435596419411      1.4999999999999993339 -2.2178623063473771288e-16     -1.4999999999999995559     -2.1213203435596419411      -1.499999999999999778  2.2178623063473771288e-16      1.4999999999999995559      2.1213203435596419411      1.4999999999999993339 -2.2198001135245790312e-16     -1.4999999999999995559     -2.1213203435596419411      -1.499999999999999778  2.2198001135245790312e-16      1.4999999999999995559      2.1213203435596419411      1.4999999999999993339 -2.2217379207017811801e-16     -1.4999999999999993339     -2.1213203435596419411      -1.499999999999999778  2.2217379207017811801e-16                          0                          0                          0                          0
     -1.999999999999999778       1.000000000000000222      3.9999999999999995559     0.99999999999999955591     -1.4999999999999993339  2.4591816790967523403e-16      1.4999999999999991118      2.1213203435596410529      1.4999999999999995559 -2.4591816790967523403e-16     -1.4999999999999993339     -2.1213203435596410529     -1.4999999999999993339  2.1010782343270934511e-16      1.4999999999999991118      2.1213203435596410529      1.4999999999999993339 -2.1010782343270934511e-16     -1.4999999999999993339     -2.1213203435596410529     -1.4999999999999993339  3.9634208388077476428e-16      1.4999999999999993339      2.1213203435596410529      1.4999999999999993339  -1.742974789557434562e-16     -1.4999999999999995559     -2.1213203435596410529     -1.4999999999999993339  4.3215242835774067785e-16      1.4999999999999993339      2.1213203435596410529      1.4999999999999995559 -2.1010782343270934511e-16     -1.4999999999999995559     -2.1213203435596410529                          0                          0                          0                          0
      1.000000000000000222      -1.999999999999999778     0.99999999999999955591      3.9999999999999995559     -1.4999999999999993339     -2.1213203435596410529     -1.4999999999999991118 -2.2198001135245790312e-16      1.4999999999999991118      2.1213203435596410529       1.499999999999999778  2.2198001135245790312e-16     -1.4999999999999993339     -2.1213203435596410529     -1.4999999999999991118 -2.2217379207017811801e-16      1.4999999999999993339      2.1213203435596410529       1.499999999999999778  2.2217379207017811801e-16     -1.4999999999999993339     -2.1213203435596410529     -1.4999999999999991118 -2.2198001135245790312e-16      1.4999999999999993339      2.1213203435596410529      1.4999999999999995559  2.2198001135245790312e-16     -1.4999999999999993339      -2.121320343559641497     -1.4999999999999993339 -2.2178623063473771288e-16      1.4999999999999991118      2.1213203435596410529      1.4999999999999995559  2.2178623063473771288e-16                          0                          0                          0                          0
      1.499999999999999778       1.499999999999999778     -1.4999999999999993339     -1.4999999999999993339      3.9999999999999991118      3.8890872965260103733                        1.5     -1.7677669529663677661     -3.9999999999999991118     -3.8890872965260103733     -1.5000000000000004441      1.7677669529663677661     0.99999999999999911182      1.7677669529663682102                        1.5     0.35355339059327439699    -0.99999999999999888978     -1.7677669529663682102      -1.500000000000000222    -0.35355339059327439699     0.99999999999999911182    -0.35355339059327439699     -1.4999999999999995559     -1.7677669529663677661    -0.99999999999999933387     0.35355339059327439699                        1.5      1.7677669529663677661      3.9999999999999991118      1.7677669529663679882     -1.4999999999999995559     -3.8890872965260103733     -3.9999999999999991118     -1.7677669529663682102      1.4999999999999995559      3.8890872965260103733                          4                          0                          0                          0
-4.7747125969287851887e-17       2.121320343559641497  2.4591816790967523403e-16     -2.1213203435596410529      3.8890872965260099292      5.4999999999999982236      3.8890872965260099292   5.164369409282391426e-16     -3.8890872965260099292     -5.4999999999999982236     -3.8890872965260112615  -5.164369409282391426e-16    -0.35355339059327461904      2.4999999999999991118      3.8890872965260099292      2.9999999999999995559     0.35355339059327506313     -2.4999999999999991118     -3.8890872965260103733     -2.9999999999999995559    -0.35355339059327461904    -0.50000000000000088818    -0.35355339059327417495   5.164369409282391426e-16     0.35355339059327417495     0.50000000000000088818     0.35355339059327417495  -5.164369409282391426e-16      3.8890872965260099292      2.4999999999999986677    -0.35355339059327417495     -2.9999999999999995559     -3.8890872965260108174     -2.4999999999999991118     0.35355339059327373086      2.9999999999999995559                          4                          0                          0                          0
    -1.4999999999999991118      1.4999999999999991118      1.4999999999999991118     -1.4999999999999991118                        1.5      3.8890872965260103733      3.9999999999999986677      1.7677669529663679882     -1.4999999999999995559     -3.8890872965260099292     -3.9999999999999991118     -1.7677669529663679882                       -1.5      1.7677669529663682102      3.9999999999999986677      3.8890872965260099292      1.5000000000000004441     -1.7677669529663679882     -3.9999999999999991118     -3.8890872965260099292                       -1.5    -0.35355339059327439699     0.99999999999999888978      1.7677669529663679882                        1.5     0.35355339059327461904    -0.99999999999999877875     -1.7677669529663679882                        1.5      1.7677669529663679882     0.99999999999999888978    -0.35355339059327461904                       -1.5     -1.7677669529663679882    -0.99999999999999922284     0.35355339059327461904                          4                          0                          0                          0
