2.23453375209,1.6552364213,2.24334135509,1.5173273481,-0.0975164408496,-1.6552364213,-2.24334135509,-1.5173273481,0.0975164408496,0.0
1.6552364213,3.52824792232,1.76350713999,-1.0342722076,-3.22618892316,-3.52824792232,-1.76350713999,1.0342722076,3.22618892316,4.0
2.24334135509,1.76350713999,2.57855624049,1.88312206665,0.084580525774,-1.76350713999,-2.57855624049,-1.88312206665,-0.084580525774,4.0
1.5173273481,-1.0342722076,1.88312206665,3.69740897386,3.34580384982,1.0342722076,-1.88312206665,-3.69740897386,-3.34580384982,4.0
-0.0975164408496,-3.22618892316,0.084580525774,3.34580384982,4.64710065569,3.22618892316,-0.084580525774,-3.34580384982,-4.64710065569,4.0
-1.6552364213,-3.52824792232,-1.76350713999,1.0342722076,3.22618892316,3.52824792232,1.76350713999,-1.0342722076,-3.22618892316,4.0
-2.24334135509,-1.76350713999,-2.57855624049,-1.88312206665,-0.084580525774,1.76350713999,2.57855624049,1.88312206665,0.084580525774,4.0
-1.5173273481,1.0342722076,-1.88312206665,-3.69740897386,-3.34580384982,-1.0342722076,1.88312206665,3.69740897386,3.34580384982,4.0
0.0975164408496,3.22618892316,-0.084580525774,-3.34580384982,-4.64710065569,-3.22618892316,0.084580525774,3.34580384982,4.64710065569,4.0
4.0,-4.0,-4.0,-4.0,-4.0,-4.0,-4.0,-4.0,-4.0,0.0
2.24376053464,1.65741291923,2.2439214059,1.51597116589,-0.100014422925,-1.65741291923,-2.2439214059,-1.51597116589,0.100014422925,0.0
1.65741291923,3.52093974078,1.75523735407,-1.03865926947,-3.22412337964,-3.52093974078,-1.75523735407,1.03865926947,3.22412337964,4.0
2.2439214059,1.75523735407,2.56955578735,1.87866328967,0.0872753160419,-1.75523735407,-2.56955578735,-1.87866328967,-0.0872753160419,4.0
1.51597116589,-1.03865926947,1.87866328967,3.69549037286,3.34754931524,1.03865926947,-1.87866328967,-3.69549037286,-3.34754931524,4.0
-0.100014422925,-3.22412337964,0.0872753160419,3.34754931524,4.64687432629,3.22412337964,-0.0872753160419,-3.34754931524,-4.64687432629,4.0
-1.65741291923,-3.52093974078,-1.75523735407,1.03865926947,3.22412337964,3.52093974078,1.75523735407,-1.03865926947,-3.22412337964,4.0
-2.2439214059,-1.75523735407,-2.56955578735,-1.87866328967,-0.0872753160419,1.75523735407,2.56955578735,1.87866328967,0.0872753160419,4.0
-1.51597116589,1.03865926947,-1.87866328967,-3.69549037286,-3.34754931524,-1.03865926947,1.87866328967,3.69549037286,3.34754931524,4.0
0.100014422925,3.22412337964,-0.0872753160419,-3.34754931524,-4.64687432629,-3.22412337964,0.0872753160419,3.34754931524,4.64687432629,4.0
4.0,-4.0,-4.0,-4.0,-4.0,-4.0,-4.0,-4.0,-4.0,0.0
2.25299281708,1.65940000197,2.24447202929,1.51476278222,-0.102273958898,-1.65940000197,-2.24447202929,-1.51476278222,0.102273958898,0.0
1.65940000197,3.51383037291,1.74709640652,-1.04306294004,-3.22221016273,-3.51383037291,-1.74709640652,1.04306294004,3.22221016273,4.0
2.24447202929,1.74709640652,2.56053597555,1.87404829705,0.089768542681,-1.74709640652,-2.56053597555,-1.87404829705,-0.089768542681,4.0
1.51476278222,-1.04306294004,1.87404829705,3.69336745827,3.34916205327,1.04306294004,-1.87404829705,-3.69336745827,-3.34916205327,4.0
-0.102273958898,-3.22221016273,0.089768542681,3.34916205327,4.64666185564,3.22221016273,-0.089768542681,-3.34916205327,-4.64666185564,4.0
-1.65940000197,-3.51383037291,-1.74709640652,1.04306294004,3.22221016273,3.51383037291,1.74709640652,-1.04306294004,-3.22221016273,4.0
-2.24447202929,-1.74709640652,-2.56053597555,-1.87404829705,-0.089768542681,1.74709640652,2.56053597555,1.87404829705,0.089768542681,4.0
-1.51476278222,1.04306294004,-1.87404829705,-3.69336745827,-3.34916205327,-1.04306294004,1.87404829705,3.69336745827,3.34916205327,4.0
0.102273958898,3.22221016273,-0.089768542681,-3.34916205327,-4.64666185564,-3.22221016273,0.089768542681,3.34916205327,4.64666185564,4.0
4.0,-4.0,-4.0,-4.0,-4.0,-4.0,-4.0,-4.0,-4.0,0.0
2.26224584329,1.66132939527,2.24498566376,1.51355977775,-0.1044888986,-1.66132939527,-2.24498566376,-1.51355977775,0.1044888986,0.0
1.66132939527,3.50673297265,1.73895796998,-1.04747502711,-3.22031135956,-3.50673297265,-1.73895796998,1.04747502711,3.22031135956,4.0
2.24498566376,1.73895796998,2.55149737538,1.86940422265,0.0922394298396,-1.73895796998,-2.55149737538,-1.86940422265,-0.0922394298396,4.0
1.51355977775,-1.04747502711,1.86940422265,3.69121183233,3.35075761223,1.04747502711,-1.86940422265,-3.69121183233,-3.35075761223,4.0
-0.1044888986,-3.22031135956,0.0922394298396,3.35075761223,4.6464474296,3.22031135956,-0.0922394298396,-3.35075761223,-4.6464474296,4.0
-1.66132939527,-3.50673297265,-1.73895796998,1.04747502711,3.22031135956,3.50673297265,1.73895796998,-1.04747502711,-3.22031135956,4.0
-2.24498566376,-1.73895796998,-2.55149737538,-1.86940422265,-0.0922394298396,1.73895796998,2.55149737538,1.86940422265,0.0922394298396,4.0
-1.51355977775,1.04747502711,-1.86940422265,-3.69121183233,-3.35075761223,-1.04747502711,1.86940422265,3.69121183233,3.35075761223,4.0
0.1044888986,3.22031135956,-0.0922394298396,-3.35075761223,-4.6464474296,-3.22031135956,0.0922394298396,3.35075761223,4.6464474296,4.0
4.0,-4.0,-4.0,-4.0,-4.0,-4.0,-4.0,-4.0,-4.0,0.0
2.4628266866,-1.04517409239,-2.15073086277,-1.99641866274,-0.672631486262,1.04517409239,2.15073086277,1.99641866274,0.672631486262,0.0
-1.04517409239,4.17740303244,2.28666108454,-0.943575914138,-3.62107893944,-4.17740303244,-2.28666108454,0.943575914138,3.62107893944,4.0
-2.15073086277,2.28666108454,2.56770559279,1.34462298896,-0.666121525521,-2.28666108454,-2.56770559279,-1.34462298896,0.666121525521,4.0
-1.99641866274,-0.943575914138,1.34462298896,2.8451599814,2.67904084386,0.943575914138,-1.34462298896,-2.8451599814,-2.67904084386,4.0
-0.672631486262,-3.62107893944,-0.666121525521,2.67904084386,4.45485742106,3.62107893944,0.666121525521,-2.67904084386,-4.45485742106,4.0
1.04517409239,-4.17740303244,-2.28666108454,0.943575914138,3.62107893944,4.17740303244,2.28666108454,-0.943575914138,-3.62107893944,4.0
2.15073086277,-2.28666108454,-2.56770559279,-1.34462298896,0.666121525521,2.28666108454,2.56770559279,1.34462298896,-0.666121525521,4.0
1.99641866274,0.943575914138,-1.34462298896,-2.8451599814,-2.67904084386,-0.943575914138,1.34462298896,2.8451599814,2.67904084386,4.0
0.672631486262,3.62107893944,0.666121525521,-2.67904084386,-4.45485742106,-3.62107893944,-0.666121525521,2.67904084386,4.45485742106,4.0
4.0,-4.0,-4.0,-4.0,-4.0,-4.0,-4.0,-4.0,-4.0,0.0
2.46652862563,-1.04710368632,-2.15132056726,-1.9953230369,-0.670492332844,1.04710368632,2.15132056726,1.9953230369,0.670492332844,0.0
-1.04710368632,4.17473781822,2.28279111888,-0.946383657839,-3.621179723,-4.17473781822,-2.28279111888,0.946383657839,3.621179723,4.0
-2.15132056726,2.28279111888,2.56304687957,1.3419045392,-0.665307280816,-2.28279111888,-2.56304687957,-1.3419045392,0.665307280816,4.0
-1.9953230369,-0.946383657839,1.3419045392,2.84412325659,2.68029314333,0.946383657839,-1.3419045392,-2.84412325659,-2.68029314333,4.0
-0.670492332844,-3.621179723,-0.665307280816,2.68029314333,4.45581419524,3.621179723,0.665307280816,-2.68029314333,-4.45581419524,4.0
1.04710368632,-4.17473781822,-2.28279111888,0.946383657839,3.621179723,4.17473781822,2.28279111888,-0.946383657839,-3.621179723,4.0
2.15132056726,-2.28279111888,-2.56304687957,-1.3419045392,0.665307280816,2.28279111888,2.56304687957,1.3419045392,-0.665307280816,4.0
1.9953230369,0.946383657839,-1.3419045392,-2.84412325659,-2.68029314333,-0.946383657839,1.3419045392,2.84412325659,2.68029314333,4.0
0.670492332844,3.621179723,0.665307280816,-2.68029314333,-4.45581419524,-3.621179723,-0.665307280816,2.68029314333,4.45581419524,4.0
4.0,-4.0,-4.0,-4.0,-4.0,-4.0,-4.0,-4.0,-4.0,0.0
2.63826935527,-1.86928510767,-2.20673502714,-1.25150949627,0.436833324078,1.86928510767,2.20673502714,1.25150949627,-0.436833324078,0.0
-1.86928510767,3.07660735167,1.39230786996,-1.10758667897,-2.95867197287,-3.07660735167,-1.39230786996,1.10758667897,2.95867197287,4.0
-2.20673502714,1.39230786996,2.38425939204,1.97954409847,0.415238719342,-1.39230786996,-2.38425939204,-1.97954409847,-0.415238719342,4.0
-1.25150949627,-1.10758667897,1.97954409847,3.90708479035,3.54590820138,1.10758667897,-1.97954409847,-3.90708479035,-3.54590820138,4.0
0.436833324078,-2.95867197287,0.415238719342,3.54590820138,4.59943274998,2.95867197287,-0.415238719342,-3.54590820138,-4.59943274998,4.0
1.86928510767,-3.07660735167,-1.39230786996,1.10758667897,2.95867197287,3.07660735167,1.39230786996,-1.10758667897,-2.95867197287,4.0
2.20673502714,-1.39230786996,-2.38425939204,-1.97954409847,-0.415238719342,1.39230786996,2.38425939204,1.97954409847,0.415238719342,4.0
1.25150949627,1.10758667897,-1.97954409847,-3.90708479035,-3.54590820138,-1.10758667897,1.97954409847,3.90708479035,3.54590820138,4.0
-0.436833324078,2.95867197287,-0.415238719342,-3.54590820138,-4.59943274998,-2.95867197287,0.415238719342,3.54590820138,4.59943274998,4.0
4.0,-4.0,-4.0,-4.0,-4.0,-4.0,-4.0,-4.0,-4.0,0.0
2.58793075619,2.16262861917,1.10351372017,-0.602024549841,-1.95490500344,-2.16262861917,-1.10351372017,0.602024549841,1.95490500344,0.0
2.16262861917,2.42544367192,2.15413735466,0.620966590259,-1.27595798093,-2.42544367192,-2.15413735466,-0.620966590259,1.27595798093,4.0
1.10351372017,2.15413735466,4.06969606239,3.6012820115,1.02328580021,-2.15413735466,-4.06969606239,-3.6012820115,-1.02328580021,4.0
-0.602024549841,0.620966590259,3.6012820115,4.47201527234,2.72310263778,-0.620966590259,-3.6012820115,-4.47201527234,-2.72310263778,4.0
-1.95490500344,-1.27595798093,1.02328580021,2.72310263778,2.82776288187,1.27595798093,-1.02328580021,-2.72310263778,-2.82776288187,4.0
-2.16262861917,-2.42544367192,-2.15413735466,-0.620966590259,1.27595798093,2.42544367192,2.15413735466,0.620966590259,-1.27595798093,4.0
-1.10351372017,-2.15413735466,-4.06969606239,-3.6012820115,-1.02328580021,2.15413735466,4.06969606239,3.6012820115,1.02328580021,4.0
0.602024549841,-0.620966590259,-3.6012820115,-4.47201527234,-2.72310263778,0.620966590259,3.6012820115,4.47201527234,2.72310263778,4.0
1.95490500344,1.27595798093,-1.02328580021,-2.72310263778,-2.82776288187,-1.27595798093,1.02328580021,2.72310263778,2.82776288187,4.0
4.0,-4.0,-4.0,-4.0,-4.0,-4.0,-4.0,-4.0,-4.0,0.0
2.60225227288,2.16063472155,1.09998669438,-0.605018619927,-1.95561223217,-2.16063472155,-1.09998669438,0.605018619927,1.95561223217,0.0
2.16063472155,2.41404437571,2.1509223702,0.627819211837,-1.2630519261,-2.41404437571,-2.1509223702,-0.627819211837,1.2630519261,4.0
1.09998669438,2.1509223702,4.06938792562,3.60406122477,1.02752433807,-2.1509223702,-4.06938792562,-3.60406122477,-1.02752433807,4.0
-0.605018619927,0.627819211837,3.60406122477,4.46909305185,2.71619078067,-0.627819211837,-3.60406122477,-4.46909305185,-2.71619078067,4.0
-1.95561223217,-1.2630519261,1.02752433807,2.71619078067,2.81374950194,1.2630519261,-1.02752433807,-2.71619078067,-2.81374950194,4.0
-2.16063472155,-2.41404437571,-2.1509223702,-0.627819211837,1.2630519261,2.41404437571,2.1509223702,0.627819211837,-1.2630519261,4.0
-1.09998669438,-2.1509223702,-4.06938792562,-3.60406122477,-1.02752433807,2.1509223702,4.06938792562,3.60406122477,1.02752433807,4.0
0.605018619927,-0.627819211837,-3.60406122477,-4.46909305185,-2.71619078067,0.627819211837,3.60406122477,4.46909305185,2.71619078067,4.0
1.95561223217,1.2630519261,-1.02752433807,-2.71619078067,-2.81374950194,-1.2630519261,1.02752433807,2.71619078067,2.81374950194,4.0
4.0,-4.0,-4.0,-4.0,-4.0,-4.0,-4.0,-4.0,-4.0,0.0
2.32305353834,-2.22626541407,-1.77795756785,-0.288146291705,1.37045717417,2.22626541407,1.77795756785,0.288146291705,-1.37045717417,0.0
-2.22626541407,2.64136346402,1.67384850415,-0.2741842081,-2.06160352983,-2.64136346402,-1.67384850415,0.2741842081,2.06160352983,4.0
-1.77795756785,1.67384850415,3.3500707192,3.06386694186,0.982891463278,-1.67384850415,-3.3500707192,-3.06386694186,-0.982891463278,4.0
-0.288146291705,-0.2741842081,3.06386694186,4.60714639058,3.45162196754,0.2741842081,-3.06386694186,-4.60714639058,-3.45162196754,4.0
1.37045717417,-2.06160352983,0.982891463278,3.45162196754,3.8984391354,2.06160352983,-0.982891463278,-3.45162196754,-3.8984391354,4.0
2.22626541407,-2.64136346402,-1.67384850415,0.2741842081,2.06160352983,2.64136346402,1.67384850415,-0.2741842081,-2.06160352983,4.0
1.77795756785,-1.67384850415,-3.3500707192,-3.06386694186,-0.982891463278,1.67384850415,3.3500707192,3.06386694186,0.982891463278,4.0
0.288146291705,0.2741842081,-3.06386694186,-4.60714639058,-3.45162196754,-0.2741842081,3.06386694186,4.60714639058,3.45162196754,4.0
-1.37045717417,2.06160352983,-0.982891463278,-3.45162196754,-3.8984391354,-2.06160352983,0.982891463278,3.45162196754,3.8984391354,4.0
4.0,-4.0,-4.0,-4.0,-4.0,-4.0,-4.0,-4.0,-4.0,0.0
2.32530068748,-2.22572057718,-1.78120642118,-0.293285701042,1.36643780512,2.22572057718,1.78120642118,0.293285701042,-1.36643780512,0.0
-2.22572057718,2.64042850697,1.66966855901,-0.279160586141,-2.06446124601,-2.64042850697,-1.66966855901,0.279160586141,2.06446124601,4.0
-1.78120642118,1.66966855901,3.34397076659,3.05942025128,0.982702845765,-1.66966855901,-3.34397076659,-3.05942025128,-0.982702845765,4.0
-0.293285701042,-0.279160586141,3.05942025128,4.6058341985,3.45421293828,0.279160586141,-3.05942025128,-4.6058341985,-3.45421293828,4.0
1.36643780512,-2.06446124601,0.982702845765,3.45421293828,3.90229193887,2.06446124601,-0.982702845765,-3.45421293828,-3.90229193887,4.0
2.22572057718,-2.64042850697,-1.66966855901,0.279160586141,2.06446124601,2.64042850697,1.66966855901,-0.279160586141,-2.06446124601,4.0
1.78120642118,-1.66966855901,-3.34397076659,-3.05942025128,-0.982702845765,1.66966855901,3.34397076659,3.05942025128,0.982702845765,4.0
0.293285701042,0.279160586141,-3.05942025128,-4.6058341985,-3.45421293828,-0.279160586141,3.05942025128,4.6058341985,3.45421293828,4.0
-1.36643780512,2.06446124601,-0.982702845765,-3.45421293828,-3.90229193887,-2.06446124601,0.982702845765,3.45421293828,3.90229193887,4.0
4.0,-4.0,-4.0,-4.0,-4.0,-4.0,-4.0,-4.0,-4.0,0.0
2.32789402778,-2.22518343839,-1.78445623454,-0.29841876995,1.36242836281,2.22518343839,1.78445623454,0.29841876995,-1.36242836281,0.0
-2.22518343839,2.63917590309,1.66523336343,-0.284180296007,-2.06712499221,-2.63917590309,-1.66523336343,0.284180296007,2.06712499221,4.0
-1.78445623454,1.66523336343,3.33765438658,3.05492273658,0.982658779492,-1.66523336343,-3.33765438658,-3.05492273658,-0.982658779492,4.0
-0.29841876995,-0.284180296007,3.05492273658,4.60449346207,3.45681436535,0.284180296007,-3.05492273658,-4.60449346207,-3.45681436535,4.0
1.36242836281,-2.06712499221,0.982658779492,3.45681436535,3.90601497859,2.06712499221,-0.982658779492,-3.45681436535,-3.90601497859,4.0
2.22518343839,-2.63917590309,-1.66523336343,0.284180296007,2.06712499221,2.63917590309,1.66523336343,-0.284180296007,-2.06712499221,4.0
1.78445623454,-1.66523336343,-3.33765438658,-3.05492273658,-0.982658779492,1.66523336343,3.33765438658,3.05492273658,0.982658779492,4.0
0.29841876995,0.284180296007,-3.05492273658,-4.60449346207,-3.45681436535,-0.284180296007,3.05492273658,4.60449346207,3.45681436535,4.0
-1.36242836281,2.06712499221,-0.982658779492,-3.45681436535,-3.90601497859,-2.06712499221,0.982658779492,3.45681436535,3.90601497859,4.0
4.0,-4.0,-4.0,-4.0,-4.0,-4.0,-4.0,-4.0,-4.0,0.0
2.33083375073,-2.22465299813,-1.78770555466,-0.303544442801,1.35842888687,2.22465299813,1.78770555466,0.303544442801,-1.35842888687,0.0
-2.22465299813,2.63760577998,1.66054209596,-0.289244626984,-2.06959577028,-2.63760577998,-1.66054209596,0.289244626984,2.06959577028,4.0
-1.78770555466,1.66054209596,3.33112019412,3.05037326046,0.982759041127,-1.66054209596,-3.33112019412,-3.05037326046,-0.982759041127,4.0
-0.303544442801,-0.289244626984,3.05037326046,4.60312386223,3.45942693479,0.289244626984,-3.05037326046,-4.60312386223,-3.45942693479,4.0
1.35842888687,-2.06959577028,0.982759041127,3.45942693479,3.90960944809,2.06959577028,-0.982759041127,-3.45942693479,-3.90960944809,4.0
2.22465299813,-2.63760577998,-1.66054209596,0.289244626984,2.06959577028,2.63760577998,1.66054209596,-0.289244626984,-2.06959577028,4.0
1.78770555466,-1.66054209596,-3.33112019412,-3.05037326046,-0.982759041127,1.66054209596,3.33112019412,3.05037326046,0.982759041127,4.0
0.303544442801,0.289244626984,-3.05037326046,-4.60312386223,-3.45942693479,-0.289244626984,3.05037326046,4.60312386223,3.45942693479,4.0
-1.35842888687,2.06959577028,-0.982759041127,-3.45942693479,-3.90960944809,-2.06959577028,0.982759041127,3.45942693479,3.90960944809,4.0
4.0,-4.0,-4.0,-4.0,-4.0,-4.0,-4.0,-4.0,-4.0,0.0
2.33399259668,-2.22411208386,-1.79098471314,-0.308722787472,1.35438476009,2.22411208386,1.79098471314,0.308722787472,-1.35438476009,0.0
-2.22411208386,2.63585966623,1.65566632323,-0.294393897164,-2.07200216528,-2.63585966623,-1.65566632323,0.294393897164,2.07200216528,4.0
-1.79098471314,1.65566632323,3.32439150097,3.04573322408,0.982925731897,-1.65566632323,-3.32439150097,-3.04573322408,-0.982925731897,4.0
-0.308722787472,-0.294393897164,3.04573322408,4.60171113003,3.46206906613,0.294393897164,-3.04573322408,-4.60171113003,-3.46206906613,4.0
1.35438476009,-2.07200216528,0.982925731897,3.46206906613,3.9131792953,2.07200216528,-0.982925731897,-3.46206906613,-3.9131792953,4.0
2.22411208386,-2.63585966623,-1.65566632323,0.294393897164,2.07200216528,2.63585966623,1.65566632323,-0.294393897164,-2.07200216528,4.0
1.79098471314,-1.65566632323,-3.32439150097,-3.04573322408,-0.982925731897,1.65566632323,3.32439150097,3.04573322408,0.982925731897,4.0
0.308722787472,0.294393897164,-3.04573322408,-4.60171113003,-3.46206906613,-0.294393897164,3.04573322408,4.60171113003,3.46206906613,4.0
-1.35438476009,2.07200216528,-0.982925731897,-3.46206906613,-3.9131792953,-2.07200216528,0.982925731897,3.46206906613,3.9131792953,4.0
4.0,-4.0,-4.0,-4.0,-4.0,-4.0,-4.0,-4.0,-4.0,0.0
2.33730858488,-2.2235818672,-1.79418110268,-0.313773381562,1.35043853096,2.2235818672,1.79418110268,0.313773381562,-1.35043853096,0.0
-2.2235818672,2.63395103437,1.65073734407,-0.299455894468,-2.07423193136,-2.63395103437,-1.65073734407,0.299455894468,2.07423193136,4.0
-1.79418110268,1.65073734407,3.31767150956,3.04115870025,0.98317636966,-1.65073734407,-3.31767150956,-3.04115870025,-0.98317636966,4.0
-0.313773381562,-0.299455894468,3.04115870025,4.60030377369,3.46465328754,0.299455894468,-3.04115870025,-4.60030377369,-3.46465328754,4.0
1.35043853096,-2.07423193136,0.98317636966,3.46465328754,3.9165832985,2.07423193136,-0.98317636966,-3.46465328754,-3.9165832985,4.0
2.2235818672,-2.63395103437,-1.65073734407,0.299455894468,2.07423193136,2.63395103437,1.65073734407,-0.299455894468,-2.07423193136,4.0
1.79418110268,-1.65073734407,-3.31767150956,-3.04115870025,-0.98317636966,1.65073734407,3.31767150956,3.04115870025,0.98317636966,4.0
0.313773381562,0.299455894468,-3.04115870025,-4.60030377369,-3.46465328754,-0.299455894468,3.04115870025,4.60030377369,3.46465328754,4.0
-1.35043853096,2.07423193136,-0.98317636966,-3.46465328754,-3.9165832985,-2.07423193136,0.98317636966,3.46465328754,3.9165832985,4.0
4.0,-4.0,-4.0,-4.0,-4.0,-4.0,-4.0,-4.0,-4.0,0.0
2.27437930745,1.33668711325,2.21547275344,1.79646450173,0.325111709232,-1.33668711325,-2.21547275344,-1.79646450173,-0.325111709232,0.0
1.33668711325,4.10844410988,2.2386343905,-0.942536993638,-3.57158298994,-4.10844410988,-2.2386343905,0.942536993638,3.57158298994,4.0
2.21547275344,2.2386343905,2.80306551169,1.72549887236,-0.362841604549,-2.2386343905,-2.80306551169,-1.72549887236,0.362841604549,4.0
1.79646450173,-0.942536993638,1.72549887236,3.38276090078,3.0584474718,0.942536993638,-1.72549887236,-3.38276090078,-3.0584474718,4.0
0.325111709232,-3.57158298994,-0.362841604549,3.0584474718,4.68813949897,3.57158298994,0.362841604549,-3.0584474718,-4.68813949897,4.0
-1.33668711325,-4.10844410988,-2.2386343905,0.942536993638,3.57158298994,4.10844410988,2.2386343905,-0.942536993638,-3.57158298994,4.0
-2.21547275344,-2.2386343905,-2.80306551169,-1.72549887236,0.362841604549,2.2386343905,2.80306551169,1.72549887236,-0.362841604549,4.0
-1.79646450173,0.942536993638,-1.72549887236,-3.38276090078,-3.0584474718,-0.942536993638,1.72549887236,3.38276090078,3.0584474718,4.0
-0.325111709232,3.57158298994,0.362841604549,-3.0584474718,-4.68813949897,-3.57158298994,-0.362841604549,3.0584474718,4.68813949897,4.0
4.0,-4.0,-4.0,-4.0,-4.0,-4.0,-4.0,-4.0,-4.0,0.0
2.2672143235,1.33741844847,2.21475461355,1.79471756334,0.323359305151,-1.33741844847,-2.21475461355,-1.79471756334,-0.323359305151,0.0
1.33741844847,4.10966389494,2.24164248455,-0.939502691299,-3.57029993247,-4.10966389494,-2.24164248455,0.939502691299,3.57029993247,4.0
2.21475461355,2.24164248455,2.80968230601,1.73184833857,-0.360478897633,-2.24164248455,-2.80968230601,-1.73184833857,0.360478897633,4.0
1.79471756334,-0.939502691299,1.73184833857,3.38870609967,3.06050578649,0.939502691299,-1.73184833857,-3.38870609967,-3.06050578649,4.0
0.323359305151,-3.57029993247,-0.360478897633,3.06050578649,4.6886876886,3.57029993247,0.360478897633,-3.06050578649,-4.6886876886,4.0
-1.33741844847,-4.10966389494,-2.24164248455,0.939502691299,3.57029993247,4.10966389494,2.24164248455,-0.939502691299,-3.57029993247,4.0
-2.21475461355,-2.24164248455,-2.80968230601,-1.73184833857,0.360478897633,2.24164248455,2.80968230601,1.73184833857,-0.360478897633,4.0
-1.79471756334,0.939502691299,-1.73184833857,-3.38870609967,-3.06050578649,-0.939502691299,1.73184833857,3.38870609967,3.06050578649,4.0
-0.323359305151,3.57029993247,0.360478897633,-3.06050578649,-4.6886876886,-3.57029993247,-0.360478897633,3.06050578649,4.6886876886,4.0
4.0,-4.0,-4.0,-4.0,-4.0,-4.0,-4.0,-4.0,-4.0,0.0
2.26002144736,1.33833078375,2.2140422323,1.79279776884,0.321356686983,-1.33833078375,-2.2140422323,-1.79279776884,-0.321356686983,0.0
1.33833078375,4.1106940112,2.24448685736,-0.936510256947,-3.56891236404,-4.1106940112,-2.24448685736,0.936510256947,3.56891236404,4.0
2.2140422323,2.24448685736,2.81627117843,1.73832203849,-0.357912575823,-2.24448685736,-2.81627117843,-1.73832203849,0.357912575823,4.0
1.79279776884,-0.936510256947,1.73832203849,3.39486885955,3.06274754517,0.936510256947,-1.73832203849,-3.39486885955,-3.06274754517,4.0
0.321356686983,-3.56891236404,-0.357912575823,3.06274754517,4.68929169232,3.56891236404,0.357912575823,-3.06274754517,-4.68929169232,4.0
-1.33833078375,-4.1106940112,-2.24448685736,0.936510256947,3.56891236404,4.1106940112,2.24448685736,-0.936510256947,-3.56891236404,4.0
-2.2140422323,-2.24448685736,-2.81627117843,-1.73832203849,0.357912575823,2.24448685736,2.81627117843,1.73832203849,-0.357912575823,4.0
-1.79279776884,0.936510256947,-1.73832203849,-3.39486885955,-3.06274754517,-0.936510256947,1.73832203849,3.39486885955,3.06274754517,4.0
-0.321356686983,3.56891236404,0.357912575823,-3.06274754517,-4.68929169232,-3.56891236404,-0.357912575823,3.06274754517,4.68929169232,4.0
4.0,-4.0,-4.0,-4.0,-4.0,-4.0,-4.0,-4.0,-4.0,0.0
2.96716195863,1.60971451642,2.19011561696,1.48757669224,-0.0863644837195,-1.60971451642,-2.19011561696,-1.48757669224,0.0863644837195,0.0
1.60971451642,3.27734894488,1.35437511158,-1.36197329355,-3.2804962149,-3.27734894488,-1.35437511158,1.36197329355,3.2804962149,4.0
2.19011561696,1.35437511158,1.96542647578,1.42515766632,0.0500508244485,-1.35437511158,-1.96542647578,-1.42515766632,-0.0500508244485,4.0
1.48757669224,-1.36197329355,1.42515766632,3.37745059378,3.35127876965,1.36197329355,-1.42515766632,-3.37745059378,-3.35127876965,4.0
-0.0863644837195,-3.2804962149,0.0500508244485,3.35127876965,4.68937306288,3.2804962149,-0.0500508244485,-3.35127876965,-4.68937306288,4.0
-1.60971451642,-3.27734894488,-1.35437511158,1.36197329355,3.2804962149,3.27734894488,1.35437511158,-1.36197329355,-3.2804962149,4.0
-2.19011561696,-1.35437511158,-1.96542647578,-1.42515766632,-0.0500508244485,1.35437511158,1.96542647578,1.42515766632,0.0500508244485,4.0
-1.48757669224,1.36197329355,-1.42515766632,-3.37745059378,-3.35127876965,-1.36197329355,1.42515766632,3.37745059378,3.35127876965,4.0
0.0863644837195,3.2804962149,-0.0500508244485,-3.35127876965,-4.68937306288,-3.2804962149,0.0500508244485,3.35127876965,4.68937306288,4.0
4.0,-4.0,-4.0,-4.0,-4.0,-4.0,-4.0,-4.0,-4.0,0.0
2.97926546082,1.60818326242,2.18739725869,1.48526360711,-0.0869173218123,-1.60818326242,-2.18739725869,-1.48526360711,0.0869173218123,0.0
1.60818326242,3.27005563246,1.34498327125,-1.3679620491,-3.2795737539,-3.27005563246,-1.34498327125,1.3679620491,3.2795737539,4.0
2.18739725869,1.34498327125,1.95338596914,1.41752165885,0.0512923857725,-1.34498327125,-1.95338596914,-1.41752165885,-0.0512923857725,4.0
1.48526360711,-1.3679620491,1.41752165885,3.37264040401,3.3521121415,1.3679620491,-1.41752165885,-3.37264040401,-3.3521121415,4.0
-0.0869173218123,-3.2795737539,0.0512923857725,3.3521121415,4.68931006734,3.2795737539,-0.0512923857725,-3.3521121415,-4.68931006734,4.0
-1.60818326242,-3.27005563246,-1.34498327125,1.3679620491,3.2795737539,3.27005563246,1.34498327125,-1.3679620491,-3.2795737539,4.0
-2.18739725869,-1.34498327125,-1.95338596914,-1.41752165885,-0.0512923857725,1.34498327125,1.95338596914,1.41752165885,0.0512923857725,4.0
-1.48526360711,1.3679620491,-1.41752165885,-3.37264040401,-3.3521121415,-1.3679620491,1.41752165885,3.37264040401,3.3521121415,4.0
0.0869173218123,3.2795737539,-0.0512923857725,-3.3521121415,-4.68931006734,-3.2795737539,0.0512923857725,3.3521121415,4.68931006734,4.0
4.0,-4.0,-4.0,-4.0,-4.0,-4.0,-4.0,-4.0,-4.0,0.0
2.40824163649,-1.50654897357,-2.24487567856,-1.66818465689,-0.114293687759,1.50654897357,2.24487567856,1.66818465689,0.114293687759,0.0
-1.50654897357,3.64995975974,1.78953498807,-1.11917510928,-3.37228760627,-3.64995975974,-1.78953498807,1.11917510928,3.37228760627,4.0
-2.24487567856,1.78953498807,2.40679939661,1.61419336054,-0.12398525385,-1.78953498807,-2.40679939661,-1.61419336054,0.12398525385,4.0
-1.66818465689,-1.11917510928,1.61419336054,3.40198925204,3.19694597875,1.11917510928,-1.61419336054,-3.40198925204,-3.19694597875,4.0
-0.114293687759,-3.37228760627,-0.12398525385,3.19694597875,4.64514961517,3.37228760627,0.12398525385,-3.19694597875,-4.64514961517,4.0
1.50654897357,-3.64995975974,-1.78953498807,1.11917510928,3.37228760627,3.64995975974,1.78953498807,-1.11917510928,-3.37228760627,4.0
2.24487567856,-1.78953498807,-2.40679939661,-1.61419336054,0.12398525385,1.78953498807,2.40679939661,1.61419336054,-0.12398525385,4.0
1.66818465689,1.11917510928,-1.61419336054,-3.40198925204,-3.19694597875,-1.11917510928,1.61419336054,3.40198925204,3.19694597875,4.0
0.114293687759,3.37228760627,0.12398525385,-3.19694597875,-4.64514961517,-3.37228760627,-0.12398525385,3.19694597875,4.64514961517,4.0
4.0,-4.0,-4.0,-4.0,-4.0,-4.0,-4.0,-4.0,-4.0,0.0
2.25929917869,-2.23989561834,-1.53588820907,0.0678216827842,1.63180255269,2.23989561834,1.53588820907,-0.0678216827842,-1.63180255269,0.0
-2.23989561834,2.67047669606,1.92825716491,0.0564907383059,-1.84836719665,-2.67047669606,-1.92825716491,-0.0564907383059,1.84836719665,4.0
-1.53588820907,1.92825716491,3.71262284543,3.32218441507,0.985655411066,-1.92825716491,-3.71262284543,-3.32218441507,-0.985655411066,4.0
0.0678216827842,0.0564907383059,3.32218441507,4.64178751819,3.24229444681,-0.0564907383059,-3.32218441507,-4.64178751819,-3.24229444681,4.0
1.63180255269,-1.84836719665,0.985655411066,3.24229444681,3.59964136882,1.84836719665,-0.985655411066,-3.24229444681,-3.59964136882,4.0
2.23989561834,-2.67047669606,-1.92825716491,-0.0564907383059,1.84836719665,2.67047669606,1.92825716491,0.0564907383059,-1.84836719665,4.0
1.53588820907,-1.92825716491,-3.71262284543,-3.32218441507,-0.985655411066,1.92825716491,3.71262284543,3.32218441507,0.985655411066,4.0
-0.0678216827842,-0.0564907383059,-3.32218441507,-4.64178751819,-3.24229444681,0.0564907383059,3.32218441507,4.64178751819,3.24229444681,4.0
-1.63180255269,1.84836719665,-0.985655411066,-3.24229444681,-3.59964136882,-1.84836719665,0.985655411066,3.24229444681,3.59964136882,4.0
4.0,-4.0,-4.0,-4.0,-4.0,-4.0,-4.0,-4.0,-4.0,0.0
3.15329129537,1.51044104557,2.14213764718,1.51899906755,0.00605143537279,-1.51044104557,-2.14213764718,-1.51899906755,-0.00605143537279,0.0
1.51044104557,3.30068986195,1.30243582577,-1.45876745303,-3.36544454219,-3.30068986195,-1.30243582577,1.45876745303,3.36544454219,4.0
2.14213764718,1.30243582577,1.77556764794,1.20859602285,-0.0663547609859,-1.30243582577,-1.77556764794,-1.20859602285,0.0663547609859,4.0
1.51899906755,-1.45876745303,1.20859602285,3.16798033998,3.27160473927,1.45876745303,-1.20859602285,-3.16798033998,-3.27160473927,4.0
0.00605143537279,-3.36544454219,-0.0663547609859,3.27160473927,4.69310255399,3.36544454219,0.0663547609859,-3.27160473927,-4.69310255399,4.0
-1.51044104557,-3.30068986195,-1.30243582577,1.45876745303,3.36544454219,3.30068986195,1.30243582577,-1.45876745303,-3.36544454219,4.0
-2.14213764718,-1.30243582577,-1.77556764794,-1.20859602285,0.0663547609859,1.30243582577,1.77556764794,1.20859602285,-0.0663547609859,4.0
-1.51899906755,1.45876745303,-1.20859602285,-3.16798033998,-3.27160473927,-1.45876745303,1.20859602285,3.16798033998,3.27160473927,4.0
-0.00605143537279,3.36544454219,0.0663547609859,-3.27160473927,-4.69310255399,-3.36544454219,-0.0663547609859,3.27160473927,4.69310255399,4.0
4.0,-4.0,-4.0,-4.0,-4.0,-4.0,-4.0,-4.0,-4.0,0.0
2.50458250281,-1.4306992094,0.216456556743,1.73681500761,2.23977078236,1.4306992094,-0.216456556743,-1.73681500761,-2.23977078236,0.0
-1.4306992094,3.70828448016,3.43674147017,1.15200191732,-1.80756473481,-3.70828448016,-3.43674147017,-1.15200191732,1.80756473481,4.0
0.216456556743,3.43674147017,4.62980599005,3.11079295212,-0.230480407429,-3.43674147017,-4.62980599005,-3.11079295212,0.230480407429,4.0
1.73681500761,1.15200191732,3.11079295212,3.2473236653,1.48161621676,-1.15200191732,-3.11079295212,-3.2473236653,-1.48161621676,4.0
2.23977078236,-1.80756473481,-0.230480407429,1.48161621676,2.3258021554,1.80756473481,0.230480407429,-1.48161621676,-2.3258021554,4.0
1.4306992094,-3.70828448016,-3.43674147017,-1.15200191732,1.80756473481,3.70828448016,3.43674147017,1.15200191732,-1.80756473481,4.0
-0.216456556743,-3.43674147017,-4.62980599005,-3.11079295212,0.230480407429,3.43674147017,4.62980599005,3.11079295212,-0.230480407429,4.0
-1.73681500761,-1.15200191732,-3.11079295212,-3.2473236653,-1.48161621676,1.15200191732,3.11079295212,3.2473236653,1.48161621676,4.0
-2.23977078236,1.80756473481,0.230480407429,-1.48161621676,-2.3258021554,-1.80756473481,-0.230480407429,1.48161621676,2.3258021554,4.0
4.0,-4.0,-4.0,-4.0,-4.0,-4.0,-4.0,-4.0,-4.0,0.0
2.50544027339,-1.43119215339,0.215786160668,1.73635986838,2.23979751436,1.43119215339,-0.215786160668,-1.73635986838,-2.23979751436,0.0
-1.43119215339,3.70725014894,3.43640131408,1.15255519518,-1.80644212566,-3.70725014894,-3.43640131408,-1.15255519518,1.80644212566,4.0
0.215786160668,3.43640131408,4.62993038262,3.11130902587,-0.229874961503,-3.43640131408,-4.62993038262,-3.11130902587,0.229874961503,4.0
1.73635986838,1.15255519518,3.11130902587,3.24750022593,1.48134983746,-1.15255519518,-3.11130902587,-3.24750022593,-1.48134983746,4.0
2.23979751436,-1.80644212566,-0.229874961503,1.48134983746,2.32481999225,1.80644212566,0.229874961503,-1.48134983746,-2.32481999225,4.0
1.43119215339,-3.70725014894,-3.43640131408,-1.15255519518,1.80644212566,3.70725014894,3.43640131408,1.15255519518,-1.80644212566,4.0
-0.215786160668,-3.43640131408,-4.62993038262,-3.11130902587,0.229874961503,3.43640131408,4.62993038262,3.11130902587,-0.229874961503,4.0
-1.73635986838,-1.15255519518,-3.11130902587,-3.24750022593,-1.48134983746,1.15255519518,3.11130902587,3.24750022593,1.48134983746,4.0
-2.23979751436,1.80644212566,0.229874961503,-1.48134983746,-2.32481999225,-1.80644212566,-0.229874961503,1.48134983746,2.32481999225,4.0
4.0,-4.0,-4.0,-4.0,-4.0,-4.0,-4.0,-4.0,-4.0,0.0
2.20819891301,2.21797569767,1.67448805963,0.150108026295,-1.46220325303,-2.21797569767,-1.67448805963,-0.150108026295,1.46220325303,0.0
2.21797569767,2.92187092487,1.98030704715,-0.121293841126,-2.1518424423,-2.92187092487,-1.98030704715,0.121293841126,2.1518424423,4.0
1.67448805963,1.98030704715,3.65739886143,3.19203602569,0.856821777689,-1.98030704715,-3.65739886143,-3.19203602569,-0.856821777689,4.0
0.150108026295,-0.121293841126,3.19203602569,4.63551448024,3.36357142085,0.121293841126,-3.19203602569,-4.63551448024,-3.36357142085,4.0
-1.46220325303,-2.1518424423,0.856821777689,3.36357142085,3.89998654368,2.1518424423,-0.856821777689,-3.36357142085,-3.89998654368,4.0
-2.21797569767,-2.92187092487,-1.98030704715,0.121293841126,2.1518424423,2.92187092487,1.98030704715,-0.121293841126,-2.1518424423,4.0
-1.67448805963,-1.98030704715,-3.65739886143,-3.19203602569,-0.856821777689,1.98030704715,3.65739886143,3.19203602569,0.856821777689,4.0
-0.150108026295,0.121293841126,-3.19203602569,-4.63551448024,-3.36357142085,-0.121293841126,3.19203602569,4.63551448024,3.36357142085,4.0
1.46220325303,2.1518424423,-0.856821777689,-3.36357142085,-3.89998654368,-2.1518424423,0.856821777689,3.36357142085,3.89998654368,4.0
4.0,-4.0,-4.0,-4.0,-4.0,-4.0,-4.0,-4.0,-4.0,0.0
2.20634008046,2.21767412282,1.67434177615,0.150202725066,-1.46192304526,-2.21767412282,-1.67434177615,-0.150202725066,1.46192304526,0.0
2.21767412282,2.92373705805,1.9816327101,-0.121285203781,-2.1531558902,-2.92373705805,-1.9816327101,0.121285203781,2.1531558902,4.0
1.67434177615,1.9816327101,3.65833691505,3.19203697089,0.855885060778,-1.9816327101,-3.65833691505,-3.19203697089,-0.855885060778,4.0
0.150202725066,-0.121285203781,3.19203697089,4.63550717961,3.36356015099,0.121285203781,-3.19203697089,-4.63550717961,-3.36356015099,4.0
-1.46192304526,-2.1531558902,0.855885060778,3.36356015099,3.90090732261,2.1531558902,-0.855885060778,-3.36356015099,-3.90090732261,4.0
-2.21767412282,-2.92373705805,-1.9816327101,0.121285203781,2.1531558902,2.92373705805,1.9816327101,-0.121285203781,-2.1531558902,4.0
-1.67434177615,-1.9816327101,-3.65833691505,-3.19203697089,-0.855885060778,1.9816327101,3.65833691505,3.19203697089,0.855885060778,4.0
-0.150202725066,0.121285203781,-3.19203697089,-4.63550717961,-3.36356015099,-0.121285203781,3.19203697089,4.63550717961,3.36356015099,4.0
1.46192304526,2.1531558902,-0.855885060778,-3.36356015099,-3.90090732261,-2.1531558902,0.855885060778,3.36356015099,3.90090732261,4.0
4.0,-4.0,-4.0,-4.0,-4.0,-4.0,-4.0,-4.0,-4.0,0.0
2.20478920981,2.21742063861,1.67422279098,0.15028793883,-1.46168354963,-2.21742063861,-1.67422279098,-0.15028793883,1.46168354963,0.0
2.21742063861,2.92529530202,1.98273437371,-0.12128546013,-2.15425791635,-2.92529530202,-1.98273437371,0.12128546013,2.15425791635,4.0
1.67422279098,1.98273437371,3.65911209402,3.1920315759,0.855102252132,-1.98273437371,-3.65911209402,-3.1920315759,-0.855102252132,4.0
0.15028793883,-0.12128546013,3.1920315759,4.63549980628,3.36355511853,0.12128546013,-3.1920315759,-4.63549980628,-3.36355511853,4.0
-1.46168354963,-2.15425791635,0.855102252132,3.36355511853,3.90168301428,2.15425791635,-0.855102252132,-3.36355511853,-3.90168301428,4.0
-2.21742063861,-2.92529530202,-1.98273437371,0.12128546013,2.15425791635,2.92529530202,1.98273437371,-0.12128546013,-2.15425791635,4.0
-1.67422279098,-1.98273437371,-3.65911209402,-3.1920315759,-0.855102252132,1.98273437371,3.65911209402,3.1920315759,0.855102252132,4.0
-0.15028793883,0.12128546013,-3.1920315759,-4.63549980628,-3.36355511853,-0.12128546013,3.1920315759,4.63549980628,3.36355511853,4.0
1.46168354963,2.15425791635,-0.855102252132,-3.36355511853,-3.90168301428,-2.15425791635,0.855102252132,3.36355511853,3.90168301428,4.0
4.0,-4.0,-4.0,-4.0,-4.0,-4.0,-4.0,-4.0,-4.0,0.0
2.20354607015,2.21721586889,1.67413158374,0.150363722037,-1.46148516875,-2.21721586889,-1.67413158374,-0.150363722037,1.46148516875,0.0
2.21721586889,2.92654589305,1.98361216257,-0.121294670254,-2.15514873029,-2.92654589305,-1.98361216257,0.121294670254,2.15514873029,4.0
1.67413158374,1.98361216257,3.65972445373,3.19201979444,0.854473230932,-1.98361216257,-3.65972445373,-3.19201979444,-0.854473230932,4.0
0.150363722037,-0.121294670254,3.19201979444,4.63549235491,3.36355636216,0.121294670254,-3.19201979444,-4.63549235491,-3.36355636216,4.0
-1.46148516875,-2.15514873029,0.854473230932,3.36355636216,3.90231379424,2.15514873029,-0.854473230932,-3.36355636216,-3.90231379424,4.0
-2.21721586889,-2.92654589305,-1.98361216257,0.121294670254,2.15514873029,2.92654589305,1.98361216257,-0.121294670254,-2.15514873029,4.0
-1.67413158374,-1.98361216257,-3.65972445373,-3.19201979444,-0.854473230932,1.98361216257,3.65972445373,3.19201979444,0.854473230932,4.0
-0.150363722037,0.121294670254,-3.19201979444,-4.63549235491,-3.36355636216,-0.121294670254,3.19201979444,4.63549235491,3.36355636216,4.0
1.46148516875,2.15514873029,-0.854473230932,-3.36355636216,-3.90231379424,-2.15514873029,0.854473230932,3.36355636216,3.90231379424,4.0
4.0,-4.0,-4.0,-4.0,-4.0,-4.0,-4.0,-4.0,-4.0,0.0
2.50906831642,-1.58833019816,0.00356281718755,1.59336878255,2.24980092496,1.58833019816,-0.00356281718755,-1.59336878255,-2.24980092496,0.0
-1.58833019816,3.48483489404,3.29540959028,1.17557804211,-1.6328911795,-3.48483489404,-3.29540959028,-1.17557804211,1.6328911795,4.0
0.00356281718755,3.29540959028,4.65113920803,3.2822945582,-0.00927372811838,-3.29540959028,-4.65113920803,-3.2822945582,0.00927372811838,4.0
1.59336878255,1.17557804211,3.2822945582,3.4662874378,1.61977614742,-1.17557804211,-3.2822945582,-3.4662874378,-1.61977614742,4.0
2.24980092496,-1.6328911795,-0.00927372811838,1.61977614742,2.29998312381,1.6328911795,0.00927372811838,-1.61977614742,-2.29998312381,4.0
1.58833019816,-3.48483489404,-3.29540959028,-1.17557804211,1.6328911795,3.48483489404,3.29540959028,1.17557804211,-1.6328911795,4.0
-0.00356281718755,-3.29540959028,-4.65113920803,-3.2822945582,0.00927372811838,3.29540959028,4.65113920803,3.2822945582,-0.00927372811838,4.0
-1.59336878255,-1.17557804211,-3.2822945582,-3.4662874378,-1.61977614742,1.17557804211,3.2822945582,3.4662874378,1.61977614742,4.0
-2.24980092496,1.6328911795,0.00927372811838,-1.61977614742,-2.29998312381,-1.6328911795,-0.00927372811838,1.61977614742,2.29998312381,4.0
4.0,-4.0,-4.0,-4.0,-4.0,-4.0,-4.0,-4.0,-4.0,0.0
2.63268849516,1.71369899759,0.194441113294,-1.43871773809,-2.22909525092,-1.71369899759,-0.194441113294,1.43871773809,2.22909525092,0.0
1.71369899759,3.18399566601,3.11822405291,1.22583908013,-1.3846258005,-3.18399566601,-3.11822405291,-1.22583908013,1.3846258005,4.0
0.194441113294,3.11822405291,4.6252278746,3.42283593642,0.21539312846,-3.11822405291,-4.6252278746,-3.42283593642,-0.21539312846,4.0
-1.43871773809,1.22583908013,3.42283593642,3.61478192293,1.68923768401,-1.22583908013,-3.42283593642,-3.61478192293,-1.68923768401,4.0
-2.22909525092,-1.3846258005,0.21539312846,1.68923768401,2.17354971434,1.3846258005,-0.21539312846,-1.68923768401,-2.17354971434,4.0
-1.71369899759,-3.18399566601,-3.11822405291,-1.22583908013,1.3846258005,3.18399566601,3.11822405291,1.22583908013,-1.3846258005,4.0
-0.194441113294,-3.11822405291,-4.6252278746,-3.42283593642,-0.21539312846,3.11822405291,4.6252278746,3.42283593642,0.21539312846,4.0
1.43871773809,-1.22583908013,-3.42283593642,-3.61478192293,-1.68923768401,1.22583908013,3.42283593642,3.61478192293,1.68923768401,4.0
2.22909525092,1.3846258005,-0.21539312846,-1.68923768401,-2.17354971434,-1.3846258005,0.21539312846,1.68923768401,2.17354971434,4.0
4.0,-4.0,-4.0,-4.0,-4.0,-4.0,-4.0,-4.0,-4.0,0.0
2.62630104632,1.7135967293,0.193541008023,-1.43988841088,-2.22985072699,-1.7135967293,-0.193541008023,1.43988841088,2.22985072699,0.0
1.7135967293,3.18879532177,3.11952458958,1.22287866097,-1.3901130021,-3.18879532177,-3.11952458958,-1.22287866097,1.3901130021,4.0
0.193541008023,3.11952458958,4.62546117987,3.42186534322,0.213787197126,-3.11952458958,-4.62546117987,-3.42186534322,-0.213787197126,4.0
-1.43988841088,1.22287866097,3.42186534322,3.61636971602,1.69245375573,-1.22287866097,-3.42186534322,-3.61636971602,-1.69245375573,4.0
-2.22985072699,-1.3901130021,0.213787197126,1.69245375573,2.17970385792,1.3901130021,-0.213787197126,-1.69245375573,-2.17970385792,4.0
