#include <iostream>

#include "dart/dart.h"
#include "MyLemke.h"
// #include "dart/lcpsolver/Lemke.h"

int main(int argc, char* argv[]) 
{
    std::cout<<std::boolalpha<<std::setprecision(20);
    Eigen::MatrixXd testA;
    Eigen::VectorXd testb;
    Eigen::VectorXd* f;
    int err;

    f =  new Eigen::VectorXd(1);
    testA.resize(1,1);
    testA << 1;
    testb.resize(1);
    testb<< -1.5;
    std::cout<<"Matrix A is"<<std::endl;
    std::cout<<testA<<std::endl;
    std::cout<<"Vector b is"<<std::endl;
    std::cout<<testb.transpose()<<std::endl;
    err = dart::lcpsolver::YT::Lemke(testA,testb,f);
    std::cout<<"Lemke solution z is"<<std::endl;
    std::cout<<(*f).transpose()<<std::endl;
    std::cout<<"Lemke error type is "<<err<<std::endl;

    std::cout<<std::endl<<std::endl;
    std::cout<<"-----Validation-----"<<std::endl;
    std::cout<<"z: "<<std::endl;
    std::cout<<(*f).transpose()<<std::endl;
    std::cout<<"A*z+b: "<<std::endl;
    std::cout<<(testA*(*f)+testb).transpose()<<std::endl;
    std::cout<<"LCP validation: "<<dart::lcpsolver::YT::validate(testA,(*f),testb)<<std::endl;

    std::cout<<"=========================================="<<std::endl;
    f =  new Eigen::VectorXd(2);
    testA.resize(2,2);
    testA << 3.12, 0.1877, 0.1877, 3.254;
    testb.resize(2);
    testb<< -0.00662, -0.006711;
    std::cout<<"Matrix A is"<<std::endl;
    std::cout<<testA<<std::endl;
    std::cout<<"Vector b is"<<std::endl;
    std::cout<<testb.transpose()<<std::endl;
    err = dart::lcpsolver::YT::Lemke(testA,testb,f);
    std::cout<<"Lemke solution z is"<<std::endl;
    std::cout<<(*f).transpose()<<std::endl;
    std::cout<<"Lemke error type is "<<err<<std::endl;

    std::cout<<std::endl<<std::endl;
    std::cout<<"-----Validation-----"<<std::endl;
    std::cout<<"z: "<<std::endl;
    std::cout<<(*f).transpose()<<std::endl;
    std::cout<<"A*z+b: "<<std::endl;
    std::cout<<(testA*(*f)+testb).transpose()<<std::endl;
    std::cout<<"LCP validation: "<<dart::lcpsolver::YT::validate(testA,(*f),testb)<<std::endl;

    std::cout<<"=========================================="<<std::endl;
    f =  new Eigen::VectorXd(2);
    testA.resize(2,2);
    testA <<4.001 ,  -2 ,-2,3.999 ;
    testb.resize(2);
    testb<< -0.009819, -0.009798;
    std::cout<<"Matrix A is"<<std::endl;
    std::cout<<testA<<std::endl;
    std::cout<<"Vector b is"<<std::endl;
    std::cout<<testb.transpose()<<std::endl;
    err = dart::lcpsolver::YT::Lemke(testA,testb,f);
    std::cout<<"Lemke solution z is"<<std::endl;
    std::cout<<(*f).transpose()<<std::endl;
    std::cout<<"Lemke error type is "<<err<<std::endl;

    std::cout<<std::endl<<std::endl;
    std::cout<<"-----Validation-----"<<std::endl;
    std::cout<<"z: "<<std::endl;
    std::cout<<(*f).transpose()<<std::endl;
    std::cout<<"A*z+b: "<<std::endl;
    std::cout<<(testA*(*f)+testb).transpose()<<std::endl;
    std::cout<<"LCP validation: "<<dart::lcpsolver::YT::validate(testA,(*f),testb)<<std::endl;

    std::cout<<"=========================================="<<std::endl;
    f =  new Eigen::VectorXd(4);
    testA.resize(4,4);
    testA <<
 3.999,0.9985, 1.001,    -2,
0.9985, 3.998,    -2,0.9995,
 1.001,    -2, 4.002, 1.001,
    -2,0.9995, 1.001, 4.001;



    testb.resize(4);
    testb<< 
 -0.01008,
-0.009494,
 -0.07234,
 -0.07177;

    std::cout<<"Matrix A is"<<std::endl;
    std::cout<<testA<<std::endl;
    std::cout<<"Vector b is"<<std::endl;
    std::cout<<testb.transpose()<<std::endl;
    err = dart::lcpsolver::YT::Lemke(testA,testb,f);
    std::cout<<"Lemke solution z is"<<std::endl;
    std::cout<<(*f).transpose()<<std::endl;
    std::cout<<"Lemke error type is "<<err<<std::endl;

    std::cout<<std::endl<<std::endl;
    std::cout<<"-----Validation-----"<<std::endl;
    std::cout<<"z: "<<std::endl;
    std::cout<<(*f).transpose()<<std::endl;
    std::cout<<"A*z+b: "<<std::endl;
    std::cout<<(testA*(*f)+testb).transpose()<<std::endl;
    std::cout<<"LCP validation: "<<dart::lcpsolver::YT::validate(testA,(*f),testb)<<std::endl;

    std::cout<<"=========================================="<<std::endl;
    f =  new Eigen::VectorXd(6);
    testA.resize(6,6);
    testA <<
    3.1360,   -2.0370,   0.9723,   0.1096,  -2.0370,   0.9723,
   -2.0370,    3.7820,   0.8302,  -0.0257,   2.4730,   0.0105,
    0.9723,    0.8302,   5.1250,  -2.2390,  -1.9120,   3.4080,
    0.1096,   -0.0257,  -2.2390,   3.1010,  -0.0257,  -2.2390,
   -2.0370,    2.4730,  -1.9120,  -0.0257,   5.4870,  -0.0242,
    0.9723,    0.0105,   3.4080,  -2.2390,  -0.0242,   3.3860;



    testb.resize(6);
    testb<<
    0.1649,
   -0.0025,
   -0.0904,
   -0.0093,
   -0.0000,
   -0.0889;

    std::cout<<"Matrix A is"<<std::endl;
    std::cout<<testA<<std::endl;
    std::cout<<"Vector b is"<<std::endl;
    std::cout<<testb.transpose()<<std::endl;
    err = dart::lcpsolver::YT::Lemke(testA,testb,f);
    std::cout<<"Lemke solution z is"<<std::endl;
    std::cout<<(*f).transpose()<<std::endl;
    std::cout<<"Lemke error type is "<<err<<std::endl;

    std::cout<<std::endl<<std::endl;
    std::cout<<"-----Validation-----"<<std::endl;
    std::cout<<"z: "<<std::endl;
    std::cout<<(*f).transpose()<<std::endl;
    std::cout<<"A*z+b: "<<std::endl;
    std::cout<<(testA*(*f)+testb).transpose()<<std::endl;    
    std::cout<<"LCP validation: "<<dart::lcpsolver::YT::validate(testA,(*f),testb)<<std::endl;

    std::cout<<"=========================================="<<std::endl;
    // TODO: find out why this high dimension case not make sense
    f =  new Eigen::VectorXd(12);
    testA.resize(12,12);
    testA <<
   4.03, -1.014, -1.898,   1.03, -1.014, -1.898,      1, -1.014, -1.898,     -2, -1.014, -1.898,
 -1.014,  4.885, -1.259,  1.888,   3.81,  2.345, -1.879,  1.281, -2.334,  1.022,  0.206,   1.27,
 -1.898, -1.259,    3.2, -1.032,-0.6849,  1.275,  1.003, 0.6657,  3.774,  1.869,   1.24,   1.85,
   1.03,  1.888, -1.032,   4.03,  1.888, -1.032,     -2,  1.888, -1.032,      1,  1.888, -1.032,
 -1.014,   3.81,-0.6849,  1.888,  3.225,  1.275, -1.879,   1.85,  -1.27,  1.022,  1.265, 0.6907,
 -1.898,  2.345,  1.275, -1.032,  1.275,   4.86,  1.003,  -1.24, 0.2059,  1.869, -2.309,  3.791,
      1, -1.879,  1.003,     -2, -1.879,  1.003,   3.97, -1.879,  1.003, 0.9703, -1.879,  1.003,
 -1.014,  1.281, 0.6657,  1.888,   1.85,  -1.24, -1.879,  3.187,  1.234,  1.022,  3.755,-0.6714,
 -1.898, -2.334,  3.774, -1.032,  -1.27, 0.2059,  1.003,  1.234,  4.839,  1.869,  2.299,   1.27,
     -2,  1.022,  1.869,      1,  1.022,  1.869, 0.9703,  1.022,  1.869,   3.97,  1.022,  1.869,
 -1.014,  0.206,   1.24,  1.888,  1.265, -2.309, -1.879,  3.755,  2.299,  1.022,  4.814,  -1.25,
 -1.898,   1.27,   1.85, -1.032, 0.6907,  3.791,  1.003,-0.6714,   1.27,  1.869,  -1.25,  3.212;

    testb.resize(12);
    testb<<
  -0.00981,
-1.458e-10,
 5.357e-10,
   -0.0098,
 -1.44e-10,
 5.298e-10,
 -0.009807,
-1.399e-10,
 5.375e-10,
 -0.009807,
-1.381e-10,
 5.316e-10;

    std::cout<<"Matrix A is"<<std::endl;
    std::cout<<testA<<std::endl;
    std::cout<<"Vector b is"<<std::endl;
    std::cout<<testb.transpose()<<std::endl;
    err = dart::lcpsolver::YT::Lemke(testA,testb,f);
    std::cout<<"Lemke solution z is"<<std::endl;
    std::cout<<(*f).transpose()<<std::endl;
    std::cout<<"Lemke error type is "<<err<<std::endl;

    std::cout<<std::endl<<std::endl;
    std::cout<<"-----Validation-----"<<std::endl;
    std::cout<<"z: "<<std::endl;
    std::cout<<(*f).transpose()<<std::endl;
    std::cout<<"A*z+b: "<<std::endl;
    std::cout<<(testA*(*f)+testb).transpose()<<std::endl;    
    std::cout<<"LCP validation: "<<dart::lcpsolver::YT::validate(testA,(*f),testb)<<std::endl;

    std::cout<<"=========================================="<<std::endl;
    f =  new Eigen::VectorXd(20);
    testA.resize(20,20);
    testA <<
2.4929,-0.49884,-2.0132,-0.95655,0.66045,1.8906,2.0132,0.95655,-0.66045,-1.8906,-2.0077,-0.95391,0.65863,1.8854,2.0077,0.95391,-0.65863,-1.8854,0,0,
-0.49884,2.5094,1.9847,0.85554,-0.77474,-1.9512,-1.9847,-0.85554,0.77474,1.9512,1.9792,0.85318,-0.7726,-1.9458,-1.9792,-0.85318,0.7726,1.9458,0,0,
-2.0132,1.9847,4.1522,3.2487,0.44216,-2.6234,-4.1522,-3.2487,-0.44216,2.6234,3.8287,2.3991,-0.43588,-3.0155,-3.8287,-2.3991,0.43588,3.0155,1,0,
-0.95655,0.85554,3.2487,5.1957,4.0992,0.60138,-3.2487,-5.1957,-4.0992,-0.60138,2.3405,2.7721,1.5799,-0.53787,-2.3405,-2.7721,-1.5799,0.53787,1,0,
0.66045,-0.77474,0.44216,4.0992,5.3549,3.4739,-0.44216,-4.0992,-5.3549,-3.4739,-0.51867,1.5213,2.6702,2.2548,0.51867,-1.5213,-2.6702,-2.2548,1,0,
1.8906,-1.9512,-2.6234,0.60138,3.4739,4.3114,2.6234,-0.60138,-3.4739,-4.3114,-3.0741,-0.62066,2.1963,3.7267,3.0741,0.62066,-2.1963,-3.7267,1,0,
2.0132,-1.9847,-4.1522,-3.2487,-0.44216,2.6234,4.1522,3.2487,0.44216,-2.6234,-3.8287,-2.3991,0.43588,3.0155,3.8287,2.3991,-0.43588,-3.0155,1,0,
0.95655,-0.85554,-3.2487,-5.1957,-4.0992,-0.60138,3.2487,5.1957,4.0992,0.60138,-2.3405,-2.7721,-1.5799,0.53787,2.3405,2.7721,1.5799,-0.53787,1,0,
-0.66045,0.77474,-0.44216,-4.0992,-5.3549,-3.4739,0.44216,4.0992,5.3549,3.4739,0.51867,-1.5213,-2.6702,-2.2548,-0.51867,1.5213,2.6702,2.2548,1,0,
-1.8906,1.9512,2.6234,-0.60138,-3.4739,-4.3114,-2.6234,0.60138,3.4739,4.3114,3.0741,0.62066,-2.1963,-3.7267,-3.0741,-0.62066,2.1963,3.7267,1,0,
-2.0077,1.9792,3.8287,2.3405,-0.51867,-3.0741,-3.8287,-2.3405,0.51867,3.0741,4.1902,3.3244,0.51131,-2.6013,-4.1902,-3.3244,-0.51131,2.6013,0,1,
-0.95391,0.85318,2.3991,2.7721,1.5213,-0.62066,-2.3991,-2.7721,-1.5213,0.62066,3.3244,5.2566,4.1095,0.55512,-3.3244,-5.2566,-4.1095,-0.55512,0,1,
0.65863,-0.7726,-0.43588,1.5799,2.6702,2.1963,0.43588,-1.5799,-2.6702,-2.1963,0.51131,4.1095,5.3004,3.3864,-0.51131,-4.1095,-5.3004,-3.3864,0,1,
1.8854,-1.9458,-3.0155,-0.53787,2.2548,3.7267,3.0155,0.53787,-2.2548,-3.7267,-2.6013,0.55512,3.3864,4.234,2.6013,-0.55512,-3.3864,-4.234,0,1,
2.0077,-1.9792,-3.8287,-2.3405,0.51867,3.0741,3.8287,2.3405,-0.51867,-3.0741,-4.1902,-3.3244,-0.51131,2.6013,4.1902,3.3244,0.51131,-2.6013,0,1,
0.95391,-0.85318,-2.3991,-2.7721,-1.5213,0.62066,2.3991,2.7721,1.5213,-0.62066,-3.3244,-5.2566,-4.1095,-0.55512,3.3244,5.2566,4.1095,0.55512,0,1,
-0.65863,0.7726,0.43588,-1.5799,-2.6702,-2.1963,-0.43588,1.5799,2.6702,2.1963,-0.51131,-4.1095,-5.3004,-3.3864,0.51131,4.1095,5.3004,3.3864,0,1,
-1.8854,1.9458,3.0155,0.53787,-2.2548,-3.7267,-3.0155,-0.53787,2.2548,3.7267,2.6013,-0.55512,-3.3864,-4.234,-2.6013,0.55512,3.3864,4.234,0,1,
1,0,-1,-1,-1,-1,-1,-1,-1,-1,-0,-0,-0,-0,-0,-0,-0,-0,0,0,
0,1,-0,-0,-0,-0,-0,-0,-0,-0,-1,-1,-1,-1,-1,-1,-1,-1,0,0;

    testb.resize(20);
    testb<<
0.014552,
-1.1572,
0.11697,
0.055577,
-0.038373,
-0.10984,
-0.11697,
-0.055577,
0.038373,
0.10984,
0.11915,
0.056611,
-0.039087,
-0.11189,
-0.11915,
-0.056611,
0.039087,
0.11189,
0,
0;

    std::cout<<"Matrix A is"<<std::endl;
    std::cout<<testA<<std::endl;
    std::cout<<"Vector b is"<<std::endl;
    std::cout<<testb.transpose()<<std::endl;
    err = dart::lcpsolver::YT::Lemke(testA,testb,f);
    std::cout<<"Lemke solution z is"<<std::endl;
    std::cout<<(*f).transpose()<<std::endl;
    std::cout<<"Lemke error type is "<<err<<std::endl;

    std::cout<<std::endl<<std::endl;
    std::cout<<"-----Validation-----"<<std::endl;
    std::cout<<"z: "<<std::endl;
    std::cout<<(*f).transpose()<<std::endl;
    std::cout<<"A*z+b: "<<std::endl;
    std::cout<<(testA*(*f)+testb).transpose()<<std::endl;    
    std::cout<<"LCP validation: "<<dart::lcpsolver::YT::validate(testA,(*f),testb)<<std::endl;
  std::cout<<"=========================================="<<std::endl;
  std::cout<<"====    Before scaling:   ================"<<std::endl;
  srand(1);
  f =  new Eigen::VectorXd(40);
  testA.resize(40,40);
  testA <<
     4.0000000000001971756,     1.0000000000001965095,    -1.9999999999999988898,     1.0000000000000015543,     1.4999999999949913398,-7.0113594019484455228e-12,    -1.5000000000049060755,    -2.1213203435595704427,    -1.4999999999949915619, 7.0111373573435204915e-12,     1.5000000000049062976,     2.1213203435595704427,     1.4999999999949913398,-7.0111336508676570492e-12,    -1.5000000000049060755,    -2.1213203435595704427,    -1.4999999999949915619, 7.0109116062627320179e-12,     1.5000000000049062976,     2.1213203435595704427,     1.4999999999951916241,-7.0109078997878096552e-12,    -1.5000000000051065818,    -2.1213203435598537716,    -1.4999999999951918461, 7.0106858551828846239e-12,     1.5000000000051065818,     2.1213203435598537716,     1.4999999999951916241,-7.0111336508685981287e-12,    -1.5000000000051065818,    -2.1213203435598533275,    -1.4999999999951918461, 7.0109116062636730974e-12,     1.5000000000051065818,     2.1213203435598533275,                         0,                         0,                         0,                         0,
     1.0000000000001965095,     4.0000000000001953993,                         1,    -1.9999999999999991118,     1.5000000000050039972,     2.1213203435595695545,      1.499999999994892752,-7.1495465818494189855e-12,    -1.5000000000050037752,    -2.1213203435595695545,    -1.4999999999948929741, 7.1495465818494189855e-12,     1.5000000000050042193,     2.1213203435595699986,      1.499999999994892752,-7.1495656700607831165e-12,    -1.5000000000050039972,    -2.1213203435595695545,    -1.4999999999948929741, 7.1495656700607831165e-12,     1.5000000000052045035,     2.1213203435598533275,     1.4999999999950930363,-7.1495465818503697586e-12,    -1.5000000000052042815,    -2.1213203435598528834,    -1.4999999999950934804, 7.1495465818503697586e-12,     1.5000000000052042815,     2.1213203435598533275,     1.4999999999950930363,-7.1495274936390056275e-12,    -1.5000000000052040594,    -2.1213203435598533275,    -1.4999999999950934804, 7.1495274936390056275e-12,                         0,                         0,                         0,                         0,
    -1.9999999999999988898,                         1,      3.999999999999801048,    0.99999999999980193621,    -1.4999999999947943863, 7.1497647347011369866e-12,     1.5000000000049056315,     2.1213203435594301105,     1.4999999999947946083,-7.1495426900962119553e-12,    -1.5000000000049058535,    -2.1213203435594301105,    -1.4999999999947943863, 7.1497610282252735444e-12,     1.5000000000049056315,     2.1213203435594305546,     1.4999999999947946083,-7.1495389836203485131e-12,    -1.5000000000049058535,    -2.1213203435594305546,    -1.4999999999949946705, 7.1497573217503511816e-12,     1.5000000000051061377,     2.1213203435597138835,     1.4999999999949948926,-7.1495352771454261503e-12,    -1.5000000000051061377,    -2.1213203435597138835,    -1.4999999999949946705, 7.1497610282262146239e-12,     1.5000000000051061377,     2.1213203435597138835,     1.4999999999949948926,-7.1497610282262146239e-12,    -1.5000000000051061377,    -2.1213203435597138835,                         0,                         0,                         0,                         0,
     1.0000000000000015543,    -1.9999999999999991118,    0.99999999999980193621,     3.9999999999998028244,    -1.5000000000048072657,    -2.1213203435594314428,    -1.4999999999948936402, 7.0097937850090266954e-12,     1.5000000000048070437,     2.1213203435594314428,     1.4999999999948936402,-7.0097937850090266954e-12,    -1.5000000000048074877,    -2.1213203435594309987,    -1.4999999999948936402, 7.0098128732203900186e-12,     1.5000000000048072657,     2.1213203435594309987,     1.4999999999948936402,-7.0098128732203900186e-12,     -1.500000000005007772,    -2.1213203435597147717,    -1.4999999999950939245, 7.0100158296149024997e-12,     1.5000000000050075499,     2.1213203435597147717,     1.4999999999950941465,-7.0100158296149024997e-12,    -1.5000000000050075499,    -2.1213203435597147717,    -1.4999999999950937024, 7.0097746967986133374e-12,     1.5000000000050073279,     2.1213203435597143276,     1.4999999999950941465,-7.0097746967986133374e-12,                         0,                         0,                         0,                         0,
     1.4999999999949913398,     1.5000000000050039972,    -1.4999999999947943863,    -1.5000000000048072657,     4.0000000000098125952,     3.8890872965330194333,     1.5000000000000981437,    -1.7677669529732378262,    -4.0000000000098125952,    -3.8890872965330194333,    -1.5000000000000988098,     1.7677669529732378262,    0.99999999999979993781,     1.7677669529733770482,     1.5000000000101110231,    0.35355339060056500955,   -0.99999999999979971577,    -1.7677669529733768261,    -1.5000000000101112452,   -0.35355339060056500955,    0.99999999998998734263,   -0.35355339060028367903,    -1.4999999999999011902,    -1.7677669529592190401,   -0.99999999998998756467,    0.35355339060028367903,     1.4999999999999014122,     1.7677669529592190401,     4.0000000000000008882,     1.7677669529593587061,    -1.5000000000099140696,    -3.8890872965330216537,    -4.0000000000000008882,    -1.7677669529593589282,     1.5000000000099138475,     3.8890872965330216537,                      1000,                         0,                         0,                         0,
-7.0113594019484455228e-12,     2.1213203435595695545, 7.1497647347011369866e-12,    -2.1213203435594314428,     3.8890872965330194333,     5.4999999999999955591,     3.8890872965189968724,-9.9146073916383882443e-12,    -3.8890872965330189892,    -5.4999999999999955591,    -3.8890872965189977606, 9.9146073916383882443e-12,   -0.35355339058640389283,      2.500000000009911183,      3.889087296533157101,     3.0000000000001953993,    0.35355339058640433691,    -2.5000000000099102948,     -3.889087296533157545,    -3.0000000000001953993,   -0.35355339060042267896,   -0.49999999999999822364,   -0.35355339058612278436, 1.0111136872643802564e-11,    0.35355339060042223487,    0.49999999999999844569,    0.35355339058612345049,-1.0111136872643802564e-11,     3.8890872965190008692,     2.4999999999900865966,    -0.3535533906002830129,    -2.9999999999999991118,    -3.8890872965190013133,    -2.4999999999900861525,    0.35355339060028279086,     2.9999999999999991118,                      1000,                         0,                         0,                         0,
    -1.5000000000049062976,      1.499999999994892752,     1.5000000000049056315,    -1.4999999999948936402,     1.5000000000000981437,     3.8890872965189968724,     3.9999999999899817915,     1.7677669529592159314,    -1.5000000000000979217,    -3.8890872965189959842,    -3.9999999999899822356,    -1.7677669529592159314,    -1.4999999999900843761,     1.7677669529733766041,     3.9999999999999946709,     3.8890872965189959842,     1.4999999999900848202,      -1.76776695297337616,    -3.9999999999999946709,    -3.8890872965189959842,    -1.5000000000000972555,   -0.35355339058626156223,     1.0000000000100135455,     1.7677669529735182685,     1.5000000000000972555,    0.35355339058626200632,    -1.0000000000100133235,    -1.7677669529735182685,     1.4999999999900852643,     1.7677669529593584841,     1.0000000000000006661,   -0.35355339058626222837,    -1.4999999999900854863,     -1.767766952959358262,    -1.0000000000000008882,    0.35355339058626222837,                      1000,                         0,                         0,                         0,
    -2.1213203435595699986,-7.1495465818494189855e-12,     2.1213203435594301105, 7.0097937850090266954e-12,    -1.7677669529732378262,-9.9146073916383866287e-12,     1.7677669529592159314,     2.4999999999997992717,     1.7677669529732378262, 9.9149404585457741757e-12,    -1.7677669529592159314,    -2.4999999999997992717,    -1.7677669529592159314, 2.2204457150681230722e-16,     1.7677669529592159314,     2.4999999999898840919,     1.7677669529592159314, 1.1102233587975190678e-16,    -1.7677669529592159314,    -2.4999999999898840919,    -1.7677669529593575959,  9.915051480848249616e-12,     1.7677669529733794906,     2.4999999999999991118,     1.7677669529593575959,-9.9147184139408620691e-12,    -1.7677669529733794906,    -2.4999999999999991118,    -1.7677669529733792686, 2.2204463835504323714e-16,     1.7677669529733794906,     2.5000000000099142916,     1.7677669529733792686, 1.1102226903348647311e-16,    -1.7677669529733794906,    -2.5000000000099142916,                      1000,                         0,                         0,                         0,
    -1.4999999999949915619,    -1.5000000000050037752,     1.4999999999947946083,     1.5000000000048070437,    -4.0000000000098125952,    -3.8890872965330189892,    -1.5000000000000979217,     1.7677669529732378262,     4.0000000000098125952,     3.8890872965330189892,     1.5000000000000983658,    -1.7677669529732378262,   -0.99999999999980015986,    -1.7677669529733770482,    -1.5000000000101108011,   -0.35355339060056456546,    0.99999999999979993781,     1.7677669529733768261,     1.5000000000101108011,    0.35355339060056456546,   -0.99999999998998756467,    0.35355339060028367903,     1.4999999999999014122,     1.7677669529592190401,    0.99999999998998778672,   -0.35355339060028367903,    -1.4999999999999014122,    -1.7677669529592190401,                        -4,    -1.7677669529593587061,     1.5000000000099142916,     3.8890872965330216537,     4.0000000000000008882,     1.7677669529593589282,    -1.5000000000099138475,    -3.8890872965330216537,                      1000,                         0,                         0,                         0,
 7.0111373573435204915e-12,    -2.1213203435595695545,-7.1495426900962119553e-12,     2.1213203435594314428,    -3.8890872965330194333,    -5.4999999999999955591,    -3.8890872965189968724, 9.9148294362433132756e-12,     3.8890872965330189892,     5.4999999999999946709,     3.8890872965189977606,-9.9148294362433132756e-12,    0.35355339058640389283,     -2.500000000009911183,     -3.889087296533157101,    -3.0000000000001953993,   -0.35355339058640433691,     2.5000000000099102948,      3.889087296533157545,     3.0000000000001953993,    0.35355339060042267896,    0.49999999999999822364,    0.35355339058612322845,-1.0110914828038877533e-11,   -0.35355339060042223487,   -0.49999999999999888978,   -0.35355339058612345049, 1.0110914828038877533e-11,    -3.8890872965190008692,    -2.4999999999900861525,    0.35355339060028345699,     2.9999999999999991118,     3.8890872965190013133,     2.4999999999900861525,   -0.35355339060028279086,    -2.9999999999999991118,                      1000,                         0,                         0,                         0,
     1.5000000000049062976,    -1.4999999999948929741,    -1.5000000000049058535,     1.4999999999948936402,    -1.5000000000000988098,    -3.8890872965189977606,    -3.9999999999899822356,    -1.7677669529592159314,     1.5000000000000983658,     3.8890872965189977606,     3.9999999999899831238,     1.7677669529592159314,     1.4999999999900848202,    -1.7677669529733770482,    -3.9999999999999955591,    -3.8890872965189968724,    -1.4999999999900850423,     1.7677669529733766041,     3.9999999999999955591,     3.8890872965189968724,     1.5000000000000974776,    0.35355339058626222837,    -1.0000000000100133235,    -1.7677669529735178244,    -1.5000000000000974776,   -0.35355339058626245041,     1.0000000000100133235,     1.7677669529735178244,    -1.4999999999900861525,    -1.7677669529593589282,    -1.0000000000000004441,    0.35355339058626311655,     1.4999999999900859304,     1.7677669529593589282,     1.0000000000000008882,   -0.35355339058626311655,                      1000,                         0,                         0,                         0,
     2.1213203435595699986, 7.1495465818494189855e-12,    -2.1213203435594301105,-7.0097937850090266954e-12,     1.7677669529732378262, 9.9146073916383866287e-12,    -1.7677669529592159314,    -2.4999999999997992717,    -1.7677669529732378262,-9.9149404585457741757e-12,     1.7677669529592159314,     2.4999999999997992717,     1.7677669529592159314,-2.2204457150681230722e-16,    -1.7677669529592159314,    -2.4999999999898840919,    -1.7677669529592159314,-1.1102233587975190678e-16,     1.7677669529592159314,     2.4999999999898840919,     1.7677669529593575959, -9.915051480848249616e-12,    -1.7677669529733794906,    -2.4999999999999991118,    -1.7677669529593575959, 9.9147184139408620691e-12,     1.7677669529733794906,     2.4999999999999991118,     1.7677669529733792686,-2.2204463835504323714e-16,    -1.7677669529733794906,    -2.5000000000099142916,    -1.7677669529733792686,-1.1102226903348647311e-16,     1.7677669529733794906,     2.5000000000099142916,                      1000,                         0,                         0,                         0,
     1.4999999999949913398,     1.5000000000050042193,    -1.4999999999947943863,    -1.5000000000048074877,    0.99999999999979993781,   -0.35355339058640389283,    -1.4999999999900843761,    -1.7677669529592159314,   -0.99999999999980015986,    0.35355339058640389283,     1.4999999999900848202,     1.7677669529592159314,     3.9999999999897859482,     1.7677669529590773756,    -1.5000000000000972555,    -3.8890872965188574284,    -3.9999999999897859482,    -1.7677669529590773756,     1.5000000000000970335,     3.8890872965188574284,     3.9999999999999991118,     3.8890872965188596488,     1.4999999999898872005,    -1.7677669529735182685,    -3.9999999999999986677,    -3.8890872965188596488,    -1.4999999999898878666,     1.7677669529735182685,     1.0000000000100128794,     1.7677669529733788245,     1.4999999999999000799,     0.3535533905861230064,    -1.0000000000100128794,    -1.7677669529733786025,     -1.499999999999900302,    -0.3535533905861230064,                         0,                      1000,                         0,                         0,
-7.0111336508676570492e-12,     2.1213203435595699986, 7.1497610282252735444e-12,    -2.1213203435594309987,     1.7677669529733770482,      2.500000000009911183,     1.7677669529733766041, 2.2204457150681230722e-16,    -1.7677669529733770482,     -2.500000000009911183,    -1.7677669529733770482,-2.2204457150681230722e-16,     1.7677669529590769315,     2.4999999999997992717,      1.767766952973376382, 1.0111841681029961291e-11,    -1.7677669529590769315,    -2.4999999999997992717,    -1.7677669529733770482,-1.0111841681029961291e-11,      1.767766952959218596,     2.4999999999898885328,     1.7677669529592183739, 3.3306694079397752144e-16,     -1.767766952959218596,    -2.4999999999898885328,    -1.7677669529592190401,-3.3306694079397752144e-16,     1.7677669529735182685,                       2.5,     1.7677669529592183739,-1.0111175547215197507e-11,    -1.7677669529735182685,                      -2.5,    -1.7677669529592190401, 1.0111175547215197507e-11,                         0,                      1000,                         0,                         0,
    -1.5000000000049060755,      1.499999999994892752,     1.5000000000049056315,    -1.4999999999948936402,     1.5000000000101110231,      3.889087296533157101,     3.9999999999999946709,     1.7677669529592159314,    -1.5000000000101108011,     -3.889087296533157101,    -3.9999999999999955591,    -1.7677669529592159314,    -1.5000000000000972555,     1.7677669529733766041,     4.0000000000100079944,      3.889087296533157101,     1.5000000000000976996,      -1.76776695297337616,    -4.0000000000100079944,     -3.889087296533157101,     -1.500000000010110135,   -0.35355339060042223487,     1.0000000000000006661,     1.7677669529735182685,      1.500000000010110135,    0.35355339060042267896,    -1.0000000000000004441,    -1.7677669529735182685,     1.5000000000000981437,     1.7677669529593584841,    0.99999999998998778672,     -0.353553390600422901,    -1.5000000000000983658,     -1.767766952959358262,   -0.99999999998998811979,      0.353553390600422901,                         0,                      1000,                         0,                         0,
    -2.1213203435595704427,-7.1493436254558580852e-12,     2.1213203435594305546, 7.0098128732203900186e-12,    0.35355339060056500955,     3.0000000000001953993,     3.8890872965189959842,     2.4999999999898840919,   -0.35355339060056456546,    -3.0000000000001953993,    -3.8890872965189968724,    -2.4999999999898840919,    -3.8890872965188574284, 1.0111841681029961291e-11,     3.8890872965331566569,     5.4999999999999928946,     3.8890872965188574284,-1.0111214221786571446e-11,    -3.8890872965331566569,    -5.4999999999999928946,    -3.8890872965331588773,    -2.9999999999999973355,   -0.35355339058612211822,      2.500000000010110135,     3.8890872965331588773,     2.9999999999999973355,     0.3535533905861230064,     -2.500000000010110135,    0.35355339058626333859,-9.9134248208826842052e-12,   -0.35355339060028234677,   -0.49999999999999888978,   -0.35355339058626378268, 9.9133524731516053227e-12,    0.35355339060028234677,    0.49999999999999888978,                         0,                      1000,                         0,                         0,
    -1.4999999999949915619,    -1.5000000000050039972,     1.4999999999947946083,     1.5000000000048072657,   -0.99999999999979971577,    0.35355339058640433691,     1.4999999999900848202,     1.7677669529592159314,    0.99999999999979993781,   -0.35355339058640433691,    -1.4999999999900850423,    -1.7677669529592159314,    -3.9999999999897859482,    -1.7677669529590773756,     1.5000000000000976996,     3.8890872965188574284,     3.9999999999897863923,     1.7677669529590773756,    -1.5000000000000974776,    -3.8890872965188574284,    -3.9999999999999991118,    -3.8890872965188600929,    -1.4999999999898872005,     1.7677669529735182685,     3.9999999999999991118,     3.8890872965188600929,     1.4999999999898880887,    -1.7677669529735182685,    -1.0000000000100128794,    -1.7677669529733788245,    -1.4999999999999000799,   -0.35355339058612345049,     1.0000000000100126574,     1.7677669529733786025,      1.499999999999900524,    0.35355339058612345049,                         0,                      1000,                         0,                         0,
 7.0109116062627320179e-12,    -2.1213203435595695545,-7.1495389836203485131e-12,     2.1213203435594309987,    -1.7677669529733768261,    -2.5000000000099102948,      -1.76776695297337616, 1.1102233587975190678e-16,     1.7677669529733768261,     2.5000000000099102948,     1.7677669529733766041,-1.1102233587975190678e-16,    -1.7677669529590773756,    -2.4999999999997992717,      -1.76776695297337616,-1.0111325244089033962e-11,     1.7677669529590773756,     2.4999999999997992717,     1.7677669529733766041, 1.0111325244089033962e-11,     -1.767766952959218818,    -2.4999999999898885328,     -1.767766952959218596,-1.1102233586796383501e-16,      1.767766952959218818,     2.4999999999898880887,     1.7677669529592190401, 1.1102233586796383501e-16,    -1.7677669529735182685,                      -2.5,    -1.7677669529592183739,  1.011110319948412024e-11,     1.7677669529735182685,     2.4999999999999991118,      1.767766952959218818, -1.011110319948412024e-11,                         0,                      1000,                         0,                         0,
     1.5000000000049062976,    -1.4999999999948929741,    -1.5000000000049058535,     1.4999999999948936402,    -1.5000000000101112452,     -3.889087296533157545,    -3.9999999999999946709,    -1.7677669529592159314,     1.5000000000101108011,      3.889087296533157545,     3.9999999999999955591,     1.7677669529592159314,     1.5000000000000970335,    -1.7677669529733770482,    -4.0000000000100079944,    -3.8890872965331566569,    -1.5000000000000974776,     1.7677669529733766041,     4.0000000000100079944,     3.8890872965331566569,     1.5000000000101099129,    0.35355339060042201282,    -1.0000000000000008882,    -1.7677669529735178244,    -1.5000000000101099129,   -0.35355339060042223487,     1.0000000000000008882,     1.7677669529735178244,    -1.5000000000000983658,    -1.7677669529593589282,   -0.99999999998998811979,      0.353553390600422901,     1.5000000000000983658,     1.7677669529593589282,    0.99999999998998845285,     -0.353553390600422901,                         0,                      1000,                         0,                         0,
     2.1213203435595704427, 7.1493436254558580852e-12,    -2.1213203435594305546,-7.0098128732203900186e-12,   -0.35355339060056500955,    -3.0000000000001953993,    -3.8890872965189959842,    -2.4999999999898840919,    0.35355339060056456546,     3.0000000000001953993,     3.8890872965189968724,     2.4999999999898840919,     3.8890872965188574284,-1.0111841681029961291e-11,    -3.8890872965331566569,    -5.4999999999999928946,    -3.8890872965188574284, 1.0111214221786571446e-11,     3.8890872965331566569,     5.4999999999999928946,     3.8890872965331588773,     2.9999999999999973355,    0.35355339058612211822,     -2.500000000010110135,    -3.8890872965331588773,    -2.9999999999999973355,    -0.3535533905861230064,      2.500000000010110135,   -0.35355339058626333859, 9.9134248208826842052e-12,    0.35355339060028234677,    0.49999999999999888978,    0.35355339058626378268,-9.9133524731516053227e-12,   -0.35355339060028234677,   -0.49999999999999888978,                         0,                      1000,                         0,                         0,
     1.4999999999951916241,     1.5000000000052045035,    -1.4999999999949946705,     -1.500000000005007772,    0.99999999998998734263,   -0.35355339060042267896,    -1.5000000000000972555,    -1.7677669529593575959,   -0.99999999998998756467,    0.35355339060042267896,     1.5000000000000974776,     1.7677669529593575959,     3.9999999999999991118,      1.767766952959218596,     -1.500000000010110135,    -3.8890872965331588773,    -3.9999999999999991118,     -1.767766952959218818,     1.5000000000101099129,     3.8890872965331588773,     4.0000000000102113873,     3.8890872965331615418,     1.4999999999999000799,    -1.7677669529736594889,    -4.0000000000102113873,    -3.8890872965331615418,    -1.4999999999999007461,     1.7677669529736594889,     1.0000000000002002842,      1.767766952973520489,     1.5000000000099129593,    0.35355339060014157049,    -1.0000000000002000622,    -1.7677669529735202669,    -1.5000000000099131814,   -0.35355339060014157049,                         0,                         0,                      1000,                         0,
-7.0109078997878096552e-12,     2.1213203435598533275, 7.1495352771454261503e-12,    -2.1213203435597147717,   -0.35355339060028367903,   -0.49999999999999822364,   -0.35355339058626156223,  9.915051480848249616e-12,    0.35355339060028367903,    0.49999999999999822364,    0.35355339058626222837, -9.915051480848249616e-12,     3.8890872965188596488,     2.4999999999898885328,   -0.35355339060042223487,    -2.9999999999999973355,    -3.8890872965188600929,    -2.4999999999898885328,    0.35355339060042201282,     2.9999999999999973355,     3.8890872965331619859,     5.5000000000000008882,     3.8890872965188618693,-1.0110692783433963811e-11,    -3.8890872965331615418,    -5.5000000000000008882,    -3.8890872965188627575, 1.0110692783433963811e-11,   -0.35355339058598223012,     2.5000000000101145758,     3.8890872965330220978,     2.9999999999998014921,    0.35355339058598223012,    -2.5000000000101136877,    -3.8890872965330220978,    -2.9999999999998014921,                         0,                         0,                      1000,                         0,
    -1.5000000000051065818,     1.4999999999950930363,     1.5000000000051061377,    -1.4999999999950939245,    -1.4999999999999011902,   -0.35355339058612278436,     1.0000000000100135455,     1.7677669529733794906,     1.4999999999999014122,    0.35355339058612322845,    -1.0000000000100133235,    -1.7677669529733794906,     1.4999999999898872005,     1.7677669529592183739,     1.0000000000000006661,   -0.35355339058612211822,    -1.4999999999898872005,     -1.767766952959218596,    -1.0000000000000008882,    0.35355339058612211822,     1.4999999999999000799,     3.8890872965188618693,     3.9999999999899884529,     1.7677669529593611486,    -1.4999999999998996358,    -3.8890872965188618693,     -3.999999999989989341,    -1.7677669529593611486,    -1.4999999999898883107,     1.7677669529735200449,     4.0000000000000017764,     3.8890872965188627575,     1.4999999999898889769,    -1.7677669529735196008,    -4.0000000000000017764,    -3.8890872965188627575,                         0,                         0,                      1000,                         0,
    -2.1213203435598537716,-7.1495465818503697586e-12,     2.1213203435597138835, 7.0100158296149024997e-12,    -1.7677669529592190401, 1.0111136872643802564e-11,     1.7677669529735182685,     2.4999999999999991118,     1.7677669529592190401,-1.0110914828038877533e-11,    -1.7677669529735178244,    -2.4999999999999991118,    -1.7677669529735182685, 3.3306694079397752144e-16,     1.7677669529735182685,      2.500000000010110135,     1.7677669529735182685,-1.1102233586796383501e-16,    -1.7677669529735178244,     -2.500000000010110135,    -1.7677669529736594889,-1.0110692783433963811e-11,     1.7677669529593607045,     2.5000000000001998401,     1.7677669529736594889, 1.0111025850341351358e-11,    -1.7677669529593607045,    -2.5000000000001998401,    -1.7677669529593607045, 1.1102226904429630805e-16,     1.7677669529593607045,      2.499999999990088817,     1.7677669529593607045, 1.1102233587975259703e-16,    -1.7677669529593607045,     -2.499999999990088817,                         0,                         0,                      1000,                         0,
    -1.4999999999951918461,    -1.5000000000052042815,     1.4999999999949948926,     1.5000000000050075499,   -0.99999999998998756467,    0.35355339060042223487,     1.5000000000000972555,     1.7677669529593575959,    0.99999999998998778672,   -0.35355339060042223487,    -1.5000000000000974776,    -1.7677669529593575959,    -3.9999999999999986677,     -1.767766952959218596,      1.500000000010110135,     3.8890872965331588773,     3.9999999999999991118,      1.767766952959218818,    -1.5000000000101099129,    -3.8890872965331588773,    -4.0000000000102113873,    -3.8890872965331615418,    -1.4999999999998996358,     1.7677669529736594889,     4.0000000000102113873,     3.8890872965331615418,      1.499999999999900524,    -1.7677669529736594889,    -1.0000000000002005063,     -1.767766952973520489,    -1.5000000000099125153,   -0.35355339060014157049,     1.0000000000002002842,     1.7677669529735202669,     1.5000000000099129593,    0.35355339060014157049,                         0,                         0,                      1000,                         0,
 7.0106858551828846239e-12,    -2.1213203435598528834, -7.149313232540501119e-12,     2.1213203435597147717,    0.35355339060028367903,    0.49999999999999844569,    0.35355339058626200632,-9.9147184139408620691e-12,   -0.35355339060028367903,   -0.49999999999999888978,   -0.35355339058626245041, 9.9147184139408620691e-12,    -3.8890872965188596488,    -2.4999999999898885328,    0.35355339060042267896,     2.9999999999999973355,     3.8890872965188600929,     2.4999999999898880887,   -0.35355339060042223487,    -2.9999999999999973355,    -3.8890872965331619859,    -5.5000000000000008882,    -3.8890872965188618693, 1.0110914828038888842e-11,     3.8890872965331615418,                       5.5,     3.8890872965188623134,-1.0110914828038888842e-11,    0.35355339058598223012,    -2.5000000000101141318,    -3.8890872965330220978,     -2.999999999999801048,   -0.35355339058598223012,     2.5000000000101132436,     3.8890872965330220978,      2.999999999999801048,                         0,                         0,                      1000,                         0,
