#include <iostream>

#include "dart/dart.h"
#include "MyLemke.h"
// #include "dart/lcpsolver/Lemke.h"

int main(int argc, char* argv[]) 
{
    std::cout<<std::boolalpha;
    Eigen::MatrixXd testA;
    Eigen::VectorXd testb;
    Eigen::VectorXd* f;
    int err;

    f =  new Eigen::VectorXd(1);
    testA.resize(1,1);
    testA << 1;
    testb.resize(1);
    testb<< -1.5;
    std::cout<<"Matrix A is"<<std::endl;
    std::cout<<testA<<std::endl;
    std::cout<<"Vector b is"<<std::endl;
    std::cout<<testb.transpose()<<std::endl;
    err = dart::lcpsolver::YT::Lemke(testA,testb,f);
    std::cout<<"Lemke solution z is"<<std::endl;
    std::cout<<(*f).transpose()<<std::endl;
    std::cout<<"Lemke error type is "<<err<<std::endl;

    std::cout<<std::endl<<std::endl;
    std::cout<<"-----Validation-----"<<std::endl;
    std::cout<<"z: "<<std::endl;
    std::cout<<(*f).transpose()<<std::endl;
    std::cout<<"A*z+b: "<<std::endl;
    std::cout<<(testA*(*f)+testb).transpose()<<std::endl;
    std::cout<<"LCP validation: "<<dart::lcpsolver::YT::validate(testA,(*f),testb)<<std::endl;

    std::cout<<"=========================================="<<std::endl;
    f =  new Eigen::VectorXd(2);
    testA.resize(2,2);
    testA << 3.12, 0.1877, 0.1877, 3.254;
    testb.resize(2);
    testb<< -0.00662, -0.006711;
    std::cout<<"Matrix A is"<<std::endl;
    std::cout<<testA<<std::endl;
    std::cout<<"Vector b is"<<std::endl;
    std::cout<<testb.transpose()<<std::endl;
    err = dart::lcpsolver::YT::Lemke(testA,testb,f);
    std::cout<<"Lemke solution z is"<<std::endl;
    std::cout<<(*f).transpose()<<std::endl;
    std::cout<<"Lemke error type is "<<err<<std::endl;

    std::cout<<std::endl<<std::endl;
    std::cout<<"-----Validation-----"<<std::endl;
    std::cout<<"z: "<<std::endl;
    std::cout<<(*f).transpose()<<std::endl;
    std::cout<<"A*z+b: "<<std::endl;
    std::cout<<(testA*(*f)+testb).transpose()<<std::endl;
    std::cout<<"LCP validation: "<<dart::lcpsolver::YT::validate(testA,(*f),testb)<<std::endl;

    std::cout<<"=========================================="<<std::endl;
    f =  new Eigen::VectorXd(2);
    testA.resize(2,2);
    testA <<4.001 ,  -2 ,-2,3.999 ;
    testb.resize(2);
    testb<< -0.009819, -0.009798;
    std::cout<<"Matrix A is"<<std::endl;
    std::cout<<testA<<std::endl;
    std::cout<<"Vector b is"<<std::endl;
    std::cout<<testb.transpose()<<std::endl;
    err = dart::lcpsolver::YT::Lemke(testA,testb,f);
    std::cout<<"Lemke solution z is"<<std::endl;
    std::cout<<(*f).transpose()<<std::endl;
    std::cout<<"Lemke error type is "<<err<<std::endl;

    std::cout<<std::endl<<std::endl;
    std::cout<<"-----Validation-----"<<std::endl;
    std::cout<<"z: "<<std::endl;
    std::cout<<(*f).transpose()<<std::endl;
    std::cout<<"A*z+b: "<<std::endl;
    std::cout<<(testA*(*f)+testb).transpose()<<std::endl;
    std::cout<<"LCP validation: "<<dart::lcpsolver::YT::validate(testA,(*f),testb)<<std::endl;

    std::cout<<"=========================================="<<std::endl;
    f =  new Eigen::VectorXd(4);
    testA.resize(4,4);
    testA <<
 3.999,0.9985, 1.001,    -2,
0.9985, 3.998,    -2,0.9995,
 1.001,    -2, 4.002, 1.001,
    -2,0.9995, 1.001, 4.001;



    testb.resize(4);
    testb<< 
 -0.01008,
-0.009494,
 -0.07234,
 -0.07177;

    std::cout<<"Matrix A is"<<std::endl;
    std::cout<<testA<<std::endl;
    std::cout<<"Vector b is"<<std::endl;
    std::cout<<testb.transpose()<<std::endl;
    err = dart::lcpsolver::YT::Lemke(testA,testb,f);
    std::cout<<"Lemke solution z is"<<std::endl;
    std::cout<<(*f).transpose()<<std::endl;
    std::cout<<"Lemke error type is "<<err<<std::endl;

    std::cout<<std::endl<<std::endl;
    std::cout<<"-----Validation-----"<<std::endl;
    std::cout<<"z: "<<std::endl;
    std::cout<<(*f).transpose()<<std::endl;
    std::cout<<"A*z+b: "<<std::endl;
    std::cout<<(testA*(*f)+testb).transpose()<<std::endl;
    std::cout<<"LCP validation: "<<dart::lcpsolver::YT::validate(testA,(*f),testb)<<std::endl;

    std::cout<<"=========================================="<<std::endl;
    f =  new Eigen::VectorXd(6);
    testA.resize(6,6);
    testA <<
    3.1360,   -2.0370,   0.9723,   0.1096,  -2.0370,   0.9723,
   -2.0370,    3.7820,   0.8302,  -0.0257,   2.4730,   0.0105,
    0.9723,    0.8302,   5.1250,  -2.2390,  -1.9120,   3.4080,
    0.1096,   -0.0257,  -2.2390,   3.1010,  -0.0257,  -2.2390,
   -2.0370,    2.4730,  -1.9120,  -0.0257,   5.4870,  -0.0242,
    0.9723,    0.0105,   3.4080,  -2.2390,  -0.0242,   3.3860;



    testb.resize(6);
    testb<<
    0.1649,
   -0.0025,
   -0.0904,
   -0.0093,
   -0.0000,
   -0.0889;

    std::cout<<"Matrix A is"<<std::endl;
    std::cout<<testA<<std::endl;
    std::cout<<"Vector b is"<<std::endl;
    std::cout<<testb.transpose()<<std::endl;
    err = dart::lcpsolver::YT::Lemke(testA,testb,f);
    std::cout<<"Lemke solution z is"<<std::endl;
    std::cout<<(*f).transpose()<<std::endl;
    std::cout<<"Lemke error type is "<<err<<std::endl;

    std::cout<<std::endl<<std::endl;
    std::cout<<"-----Validation-----"<<std::endl;
    std::cout<<"z: "<<std::endl;
    std::cout<<(*f).transpose()<<std::endl;
    std::cout<<"A*z+b: "<<std::endl;
    std::cout<<(testA*(*f)+testb).transpose()<<std::endl;    
    std::cout<<"LCP validation: "<<dart::lcpsolver::YT::validate(testA,(*f),testb)<<std::endl;

    std::cout<<"=========================================="<<std::endl;
    // TODO: find out why this high dimension case not make sense
    f =  new Eigen::VectorXd(12);
    testA.resize(12,12);
    testA <<
   4.03, -1.014, -1.898,   1.03, -1.014, -1.898,      1, -1.014, -1.898,     -2, -1.014, -1.898,
 -1.014,  4.885, -1.259,  1.888,   3.81,  2.345, -1.879,  1.281, -2.334,  1.022,  0.206,   1.27,
 -1.898, -1.259,    3.2, -1.032,-0.6849,  1.275,  1.003, 0.6657,  3.774,  1.869,   1.24,   1.85,
   1.03,  1.888, -1.032,   4.03,  1.888, -1.032,     -2,  1.888, -1.032,      1,  1.888, -1.032,
 -1.014,   3.81,-0.6849,  1.888,  3.225,  1.275, -1.879,   1.85,  -1.27,  1.022,  1.265, 0.6907,
 -1.898,  2.345,  1.275, -1.032,  1.275,   4.86,  1.003,  -1.24, 0.2059,  1.869, -2.309,  3.791,
      1, -1.879,  1.003,     -2, -1.879,  1.003,   3.97, -1.879,  1.003, 0.9703, -1.879,  1.003,
 -1.014,  1.281, 0.6657,  1.888,   1.85,  -1.24, -1.879,  3.187,  1.234,  1.022,  3.755,-0.6714,
 -1.898, -2.334,  3.774, -1.032,  -1.27, 0.2059,  1.003,  1.234,  4.839,  1.869,  2.299,   1.27,
     -2,  1.022,  1.869,      1,  1.022,  1.869, 0.9703,  1.022,  1.869,   3.97,  1.022,  1.869,
 -1.014,  0.206,   1.24,  1.888,  1.265, -2.309, -1.879,  3.755,  2.299,  1.022,  4.814,  -1.25,
 -1.898,   1.27,   1.85, -1.032, 0.6907,  3.791,  1.003,-0.6714,   1.27,  1.869,  -1.25,  3.212;

    testb.resize(12);
    testb<<
  -0.00981,
-1.458e-10,
 5.357e-10,
   -0.0098,
 -1.44e-10,
 5.298e-10,
 -0.009807,
-1.399e-10,
 5.375e-10,
 -0.009807,
-1.381e-10,
 5.316e-10;

    std::cout<<"Matrix A is"<<std::endl;
    std::cout<<testA<<std::endl;
    std::cout<<"Vector b is"<<std::endl;
    std::cout<<testb.transpose()<<std::endl;
    err = dart::lcpsolver::YT::Lemke(testA,testb,f);
    std::cout<<"Lemke solution z is"<<std::endl;
    std::cout<<(*f).transpose()<<std::endl;
    std::cout<<"Lemke error type is "<<err<<std::endl;

    std::cout<<std::endl<<std::endl;
    std::cout<<"-----Validation-----"<<std::endl;
    std::cout<<"z: "<<std::endl;
    std::cout<<(*f).transpose()<<std::endl;
    std::cout<<"A*z+b: "<<std::endl;
    std::cout<<(testA*(*f)+testb).transpose()<<std::endl;    
    std::cout<<"LCP validation: "<<dart::lcpsolver::YT::validate(testA,(*f),testb)<<std::endl;

    std::cout<<"=========================================="<<std::endl;
    f =  new Eigen::VectorXd(20);
    testA.resize(20,20);
    testA <<
2.4929,-0.49884,-2.0132,-0.95655,0.66045,1.8906,2.0132,0.95655,-0.66045,-1.8906,-2.0077,-0.95391,0.65863,1.8854,2.0077,0.95391,-0.65863,-1.8854,0,0,
-0.49884,2.5094,1.9847,0.85554,-0.77474,-1.9512,-1.9847,-0.85554,0.77474,1.9512,1.9792,0.85318,-0.7726,-1.9458,-1.9792,-0.85318,0.7726,1.9458,0,0,
-2.0132,1.9847,4.1522,3.2487,0.44216,-2.6234,-4.1522,-3.2487,-0.44216,2.6234,3.8287,2.3991,-0.43588,-3.0155,-3.8287,-2.3991,0.43588,3.0155,1,0,
-0.95655,0.85554,3.2487,5.1957,4.0992,0.60138,-3.2487,-5.1957,-4.0992,-0.60138,2.3405,2.7721,1.5799,-0.53787,-2.3405,-2.7721,-1.5799,0.53787,1,0,
0.66045,-0.77474,0.44216,4.0992,5.3549,3.4739,-0.44216,-4.0992,-5.3549,-3.4739,-0.51867,1.5213,2.6702,2.2548,0.51867,-1.5213,-2.6702,-2.2548,1,0,
1.8906,-1.9512,-2.6234,0.60138,3.4739,4.3114,2.6234,-0.60138,-3.4739,-4.3114,-3.0741,-0.62066,2.1963,3.7267,3.0741,0.62066,-2.1963,-3.7267,1,0,
2.0132,-1.9847,-4.1522,-3.2487,-0.44216,2.6234,4.1522,3.2487,0.44216,-2.6234,-3.8287,-2.3991,0.43588,3.0155,3.8287,2.3991,-0.43588,-3.0155,1,0,
0.95655,-0.85554,-3.2487,-5.1957,-4.0992,-0.60138,3.2487,5.1957,4.0992,0.60138,-2.3405,-2.7721,-1.5799,0.53787,2.3405,2.7721,1.5799,-0.53787,1,0,
-0.66045,0.77474,-0.44216,-4.0992,-5.3549,-3.4739,0.44216,4.0992,5.3549,3.4739,0.51867,-1.5213,-2.6702,-2.2548,-0.51867,1.5213,2.6702,2.2548,1,0,
-1.8906,1.9512,2.6234,-0.60138,-3.4739,-4.3114,-2.6234,0.60138,3.4739,4.3114,3.0741,0.62066,-2.1963,-3.7267,-3.0741,-0.62066,2.1963,3.7267,1,0,
-2.0077,1.9792,3.8287,2.3405,-0.51867,-3.0741,-3.8287,-2.3405,0.51867,3.0741,4.1902,3.3244,0.51131,-2.6013,-4.1902,-3.3244,-0.51131,2.6013,0,1,
-0.95391,0.85318,2.3991,2.7721,1.5213,-0.62066,-2.3991,-2.7721,-1.5213,0.62066,3.3244,5.2566,4.1095,0.55512,-3.3244,-5.2566,-4.1095,-0.55512,0,1,
0.65863,-0.7726,-0.43588,1.5799,2.6702,2.1963,0.43588,-1.5799,-2.6702,-2.1963,0.51131,4.1095,5.3004,3.3864,-0.51131,-4.1095,-5.3004,-3.3864,0,1,
1.8854,-1.9458,-3.0155,-0.53787,2.2548,3.7267,3.0155,0.53787,-2.2548,-3.7267,-2.6013,0.55512,3.3864,4.234,2.6013,-0.55512,-3.3864,-4.234,0,1,
2.0077,-1.9792,-3.8287,-2.3405,0.51867,3.0741,3.8287,2.3405,-0.51867,-3.0741,-4.1902,-3.3244,-0.51131,2.6013,4.1902,3.3244,0.51131,-2.6013,0,1,
0.95391,-0.85318,-2.3991,-2.7721,-1.5213,0.62066,2.3991,2.7721,1.5213,-0.62066,-3.3244,-5.2566,-4.1095,-0.55512,3.3244,5.2566,4.1095,0.55512,0,1,
-0.65863,0.7726,0.43588,-1.5799,-2.6702,-2.1963,-0.43588,1.5799,2.6702,2.1963,-0.51131,-4.1095,-5.3004,-3.3864,0.51131,4.1095,5.3004,3.3864,0,1,
-1.8854,1.9458,3.0155,0.53787,-2.2548,-3.7267,-3.0155,-0.53787,2.2548,3.7267,2.6013,-0.55512,-3.3864,-4.234,-2.6013,0.55512,3.3864,4.234,0,1,
1,0,-1,-1,-1,-1,-1,-1,-1,-1,-0,-0,-0,-0,-0,-0,-0,-0,0,0,
0,1,-0,-0,-0,-0,-0,-0,-0,-0,-1,-1,-1,-1,-1,-1,-1,-1,0,0;

    testb.resize(20);
    testb<<
0.014552,
-1.1572,
0.11697,
0.055577,
-0.038373,
-0.10984,
-0.11697,
-0.055577,
0.038373,
0.10984,
0.11915,
0.056611,
-0.039087,
-0.11189,
-0.11915,
-0.056611,
0.039087,
0.11189,
0,
0;

    std::cout<<"Matrix A is"<<std::endl;
    std::cout<<testA<<std::endl;
    std::cout<<"Vector b is"<<std::endl;
    std::cout<<testb.transpose()<<std::endl;
    err = dart::lcpsolver::YT::Lemke(testA,testb,f);
    std::cout<<"Lemke solution z is"<<std::endl;
    std::cout<<(*f).transpose()<<std::endl;
    std::cout<<"Lemke error type is "<<err<<std::endl;

    std::cout<<std::endl<<std::endl;
    std::cout<<"-----Validation-----"<<std::endl;
    std::cout<<"z: "<<std::endl;
    std::cout<<(*f).transpose()<<std::endl;
    std::cout<<"A*z+b: "<<std::endl;
    std::cout<<(testA*(*f)+testb).transpose()<<std::endl;    
    std::cout<<"LCP validation: "<<dart::lcpsolver::YT::validate(testA,(*f),testb)<<std::endl;
  std::cout<<"=========================================="<<std::endl;
  srand(1);
  f =  new Eigen::VectorXd(40);
  testA.resize(40,40);
  testA <<
     4.0029994570753162364,     1.0029994383744083031,    -2.0029996999893473486,    0.99700031871156136187,     1.4997005985032505482,-0.00021180917869210926386,    -1.5000001419163917493,    -2.1211087350810360341,    -1.4997005985032501041, 0.00021180917869277531636,     1.5000001419163921934,     2.1211087350810364782,     1.4997006172822624492,-0.00021180915219162516506,    -1.5000001606579262958,    -2.1211087616120694044,    -1.4997006172822620051, 0.00021180915219229124466,     1.5000001606579267399,     2.1211087616120694044,     1.4997003532382391366,-0.00021180952480393387574,     -1.499999897140856131,     -2.121108388570042802,    -1.4997003532382386926, 0.00021180952480459992824,     1.4999998971408565751,      2.121108388570042802,     1.4997003344592272356,-0.00021180955130441794744,    -1.4999998783993215845,    -2.1211083620390098758,    -1.4997003344592267915, 0.00021180955130508402704,     1.4999998783993220286,     2.1211083620390098758,                         0,                         0,                         0,                         0,
     1.0029994383744083031,     4.0029994196735012579,    0.99700028122849226886,    -2.0029997000705992427,     1.4997006188149211159,     2.1211087218259025988,     1.5000001028591309904, 0.00021176719851753234881,      -1.49970061881492156,    -2.1211087218259025988,    -1.5000001028591305463,-0.00021176719851686629631,      1.499700637593933239,      2.121108748356935525,     1.5000001216006650928, 0.00021176717201662920587,    -1.4997006375939336831,     -2.121108748356935525,    -1.5000001216006646487,-0.00021176717201596312627,     1.4997003735499061516,      2.121108375314910699,     1.4999998580836015893, 0.00021176754463626086197,    -1.4997003735499065957,     -2.121108375314910699,    -1.4999998580836011453,-0.00021176754463559480947,     1.4997003547708942506,      2.121108348783878661,     1.4999998393420674869, 0.00021176757113694198741,    -1.4997003547708946947,    -2.1211083487838782169,    -1.4999998393420670428,-0.00021176757113627590781,                         0,                         0,                         0,                         0,
    -2.0029996999893473486,    0.99700028122849226886,     4.0029999429034255343,     1.0029999616855853617,    -1.4997008622061211991, 0.00021160946033793587425,     1.5000001231748576469,     2.1211089082948584306,      1.499700862206120755,-0.00021160946033860192675,     -1.500000123174858091,    -2.1211089082948584306,    -1.4997008809851364308, 0.00021160943383502571046,     1.5000001419163917493,     2.1211089348258931331,     1.4997008809851359867,-0.00021160943383546977257,    -1.5000001419163921934,    -2.1211089348258940213,     -1.499700616941067155,  0.0002116098064821862355,     1.4999998783993249152,     2.1211085617838363326,     1.4997006169410667109, -0.0002116098064826302434,    -1.4999998783993251372,    -2.1211085617838367767,    -1.4997005981620519233, 0.00021160983298509634509,     1.4999998596577905907,     2.1211085352528016301,     1.4997005981620514792,-0.00021160983298554038009,    -1.4999998596577908128,    -2.1211085352528020742,                         0,                         0,                         0,                         0,
    0.99700031871156136187,    -2.0029997000705992427,     1.0029999616855853617,     4.0029999804677460773,    -1.4997008825177915448,    -2.1211089215442564537,    -1.5000001216006648708,-0.00021159398469551695754,     1.4997008825177919888,     2.1211089215442564537,     1.5000001216006644267, 0.00021159398469485090504,    -1.4997009012968067765,    -2.1211089480752916003,    -1.5000001403421991952,-0.00021159395819263186593,     1.4997009012968072206,     2.1211089480752911562,     1.5000001403421987511, 0.00021159395819196575922,    -1.4997006372527339479,    -2.1211085750332321354,    -1.4999998768251323611,-0.00021159433084223035508,      1.499700637252734392,     2.1211085750332321354,      1.499999876825132139, 0.00021159433084134225797,    -1.4997006184737184942,    -2.1211085485021969887,    -1.4999998580835980366, -0.0002115943573451154738,     1.4997006184737189383,     2.1211085485021969887,     1.4999998580835978146, 0.00021159435734444939419,                         0,                         0,                         0,                         0,
     1.4997005985032505482,     1.4997006188149211159,    -1.4997008622061211991,    -1.4997008825177915448,     4.0000301633232462351,     3.8891085386751966801,     1.4999998776122256405,     -1.767788368198004445,    -4.0000301633232462351,     -3.889108538675195792,    -1.4999998776122247524,     1.7677883681980057773,      1.000030143003783234,     1.7677881951129106319,     1.4999998979279496325,    0.35353200409505391999,    -1.0000301430037836781,    -1.7677881951129101878,    -1.4999998979279496325,   -0.35353200409505325386,     1.0000298592235650208,   -0.35353237672729243002,    -1.5000001411292962494,    -1.7677881664193146882,    -1.0000298592235645767,     0.3535323767272933182,     1.5000001411292964715,     1.7677881664193146882,     4.0000298795430273557,     1.7677879668349936182,    -1.5000001614450200194,    -3.8891085387123727202,    -4.0000298795430264676,    -1.7677879668349922859,     1.5000001614450211296,     3.8891085387123736083,                      1000,                         0,                         0,                         0,
-0.00021180917869233130846,     2.1211087218259025988, 0.00021160946033793587425,    -2.1211089215442564537,     3.8891085386751966801,     5.5000149397452213762,     3.8890871823671364638,-1.5101190251268767619e-05,    -3.8891085386751975683,    -5.5000149397452213762,    -3.8890871823671355756, 1.5101190252873595204e-05,   -0.35353196211201975974,      2.500015101188381994,     3.8890872243501743988,     2.9999847967395707471,     0.3535319621120190936,     -2.500015101188381994,    -3.8890872243501748429,    -2.9999847967395698589,   -0.35353217714032170171,   -0.49998506023034905432,    -0.3535534760213678851, -1.506058321906305532e-05,    0.35353217714032236785,    0.49998506023034905432,    0.35355347602136721896, 1.5060583218718158751e-05,     3.8891083236468944051,     2.5000147783264901058,   -0.35355351800440559806,    -3.0000149585130402308,     -3.889108323646893961,    -2.5000147783264892176,     0.3535535180044062642,     3.0000149585130411189,                      1000,                         0,                         0,                         0,
    -1.5000001419163919714,     1.5000001028591309904,     1.5000001231748576469,    -1.5000001216006648708,     1.4999998776122254185,     3.8890871823671355756,      3.999999960942743904,     1.7677670118899428964,    -1.4999998776122265287,    -3.8890871823671364638,     -3.999999960942743904,    -1.7677670118899420082,    -1.4999998385549726532,     1.7677670671252441181,     4.0000000000000017764,     3.8890871823671382401,     1.4999998385549715429,    -1.7677670671252447843,    -4.0000000000000026645,    -3.8890871823671382401,    -1.4999998588706953129,   -0.35355327643439626861,     1.0000000203157273226,     1.7677668675382687269,     1.4999998588706950908,    0.35355327643439582452,    -1.0000000203157277667,     -1.767766867538269171,     1.4999998572965027588,     1.7677668388074954109,    0.99999998125846967234,   -0.35355330293892639482,    -1.4999998572965029808,    -1.7677668388074949668,   -0.99999998125846922825,    0.35355330293892683891,                      1000,                         0,                         0,                         0,
    -2.1211087350810360341, 0.00021176719851753234881,     2.1211089082948584306,-0.00021159398469551695754,     -1.767788368198004445,-1.5101190251268765925e-05,     1.7677670118899428964,      2.500015184520769207,     1.7677883681980040009,  1.510119025071364933e-05,    -1.7677670118899433405,     -2.500015184520769207,    -1.7677881531298753615, -1.493974335207701309e-05,     1.7677670251422084036,     2.5000150418154034604,     1.7677881531298749174,  1.493974335152189819e-05,    -1.7677670251422088477,    -2.5000150418154034604,     -1.767787966832344182,-1.4778324618425889617e-05,     1.7677670671252392331,     2.5000149397696413978,     1.7677879668323432938,  1.477832461775975072e-05,    -1.7677670671252396772,    -2.5000149397696418418,    -1.7677881819004732655,-1.4939771517617640758e-05,      1.767767053872973726,     2.5000150824750071443,     1.7677881819004728214, 1.4939771516951503555e-05,      -1.76776705387297417,    -2.5000150824750071443,                      1000,                         0,                         0,                         0,
    -1.4997005985032501041,      -1.49970061881492156,      1.499700862206120755,     1.4997008825177919888,    -4.0000301633232462351,    -3.8891085386751975683,    -1.4999998776122265287,     1.7677883681980040009,     4.0000301633232471232,     3.8891085386751966801,     1.4999998776122254185,    -1.7677883681980053332,    -1.0000301430037830119,     -1.767788195112910854,    -1.4999998979279507427,    -0.3535320040950554743,      1.000030143003783234,     1.7677881951129106319,     1.4999998979279507427,    0.35353200409505480817,    -1.0000298592235645767,    0.35353237672729265206,     1.5000001411292958053,     1.7677881664193142441,     1.0000298592235641326,    -0.3535323767272933182,    -1.5000001411292960274,    -1.7677881664193140221,    -4.0000298795430273557,    -1.7677879668349938402,     1.5000001614450200194,     3.8891085387123736083,     4.0000298795430273557,      1.767787966834992508,    -1.5000001614450209075,    -3.8891085387123740524,                      1000,                         0,                         0,                         0,
 0.00021180917869277531636,    -2.1211087218259025988,-0.00021160946033860192675,     2.1211089215442564537,     -3.889108538675195792,    -5.5000149397452213762,    -3.8890871823671364638,  1.510119025071364933e-05,     3.8891085386751966801,     5.5000149397452213762,     3.8890871823671355756,-1.5101190252207454613e-05,    0.35353196211202064791,     -2.500015101188381994,    -3.8890872243501748429,    -2.9999847967395711912,   -0.35353196211201975974,      2.500015101188381994,     3.8890872243501748429,      2.999984796739570303,    0.35353217714032236785,    0.49998506023034927637,    0.35355347602136744101, 1.5060583218507937032e-05,   -0.35353217714032281194,   -0.49998506023034927637,   -0.35355347602136699692,-1.5060583217940995857e-05,     -3.889108323646893961,    -2.5000147783264901058,    0.35355351800440515397,     3.0000149585130397867,     3.8891083236468935169,     2.5000147783264892176,   -0.35355351800440604215,    -3.0000149585130406749,                      1000,                         0,                         0,                         0,
     1.5000001419163924155,    -1.5000001028591305463,     -1.500000123174858091,     1.5000001216006644267,    -1.4999998776122245303,    -3.8890871823671351315,     -3.999999960942743904,    -1.7677670118899433405,     1.4999998776122254185,     3.8890871823671355756,     3.9999999609427430158,     1.7677670118899424523,     1.4999998385549728752,     -1.767767067125243674,    -4.0000000000000017764,    -3.8890871823671386842,     -1.499999838554971765,     1.7677670671252445622,     4.0000000000000017764,     3.8890871823671382401,     1.4999998588706953129,    0.35355327643439604657,    -1.0000000203157275447,    -1.7677668675382696151,    -1.4999998588706953129,   -0.35355327643439582452,     1.0000000203157279888,     1.7677668675382698371,    -1.4999998572965016486,    -1.7677668388074949668,   -0.99999998125847011643,    0.35355330293892528459,     1.4999998572965018706,     1.7677668388074945227,    0.99999998125846967234,   -0.35355330293892572868,                      1000,                         0,                         0,                         0,
     2.1211087350810364782,-0.00021176719851686629631,    -2.1211089082948584306, 0.00021159398469485090504,     1.7677883681980057773, 1.5101190252984617507e-05,    -1.7677670118899420082,     -2.500015184520769207,    -1.7677883681980053332,-1.5101190252207456307e-05,     1.7677670118899424523,      2.500015184520769651,     1.7677881531298755835, 1.4939743352798664833e-05,    -1.7677670251422075154,    -2.5000150418154025722,    -1.7677881531298749174, -1.493974335213252763e-05,     1.7677670251422079595,     2.5000150418154025722,      1.767787966832344182,  1.477832461815334152e-05,    -1.7677670671252394552,    -2.5000149397696418418,    -1.7677879668323435158,-1.4778324617598224925e-05,     1.7677670671252398993,     2.5000149397696418418,     1.7677881819004743758,   1.49397715183392925e-05,     -1.767767053872973948,    -2.5000150824750080325,    -1.7677881819004739317,-1.4939771517673155297e-05,     1.7677670538729743921,     2.5000150824750080325,                      1000,                         0,                         0,                         0,
     1.4997006172822624492,     1.4997006375939330169,    -1.4997008809851364308,    -1.4997009012968067765,      1.000030143003783234,   -0.35353196211201975974,    -1.4999998385549726532,    -1.7677881531298753615,    -1.0000301430037830119,    0.35353196211202064791,     1.4999998385549728752,     1.7677881531298755835,     4.0000301226843220093,     1.7677883527142077558,    -1.4999998588706964231,    -3.8891084966868749717,    -4.0000301226843220093,    -1.7677883527142068676,     1.4999998588706975333,     3.8891084966868758599,     4.0000298795355488934,     3.8891084967240447945,     1.5000001020720348244,    -1.7677880088127464475,    -4.0000298795355497816,    -3.8891084967240439063,    -1.5000001020720337142,     1.7677880088127480018,     1.0000298998550110063,      1.767788181897817168,     1.5000001223877583723,    0.35353233474425249661,    -1.0000298998550112284,     -1.767788181897817168,    -1.5000001223877581502,   -0.35353233474425183047,                         0,                      1000,                         0,                         0,
-0.00021180915219162516506,      2.121108748356935525, 0.00021160943383502571046,    -2.1211089480752916003,     1.7677881951129106319,      2.500015101188381994,     1.7677670671252441181, -1.493974335207701309e-05,     -1.767788195112910854,     -2.500015101188381994,     -1.767767067125243674, 1.4939743352798664833e-05,     1.7677883527142077558,      2.500015222000095072,     1.7677670803775105135,-1.5041813530645403827e-05,    -1.7677883527142081999,     -2.500015222000095072,    -1.7677670803775100694, 1.5041813531367052181e-05,     1.7677881664166763542,     2.5000150605813500349,     1.7677670383944628085,-1.4939767780583509244e-05,    -1.7677881664166765763,    -2.5000150605813495908,    -1.7677670383944625865, 1.4939767781305160986e-05,     1.7677880088153790084,     2.5000149397696369569,     1.7677670251421968572,-1.4837697602015120202e-05,    -1.7677880088153794524,    -2.5000149397696365128,    -1.7677670251421964132, 1.4837697602736768556e-05,                         0,                      1000,                         0,                         0,
    -1.5000001606579262958,     1.5000001216006650928,     1.5000001419163917493,    -1.5000001403421991952,     1.4999998979279496325,     3.8890872243501743988,     4.0000000000000017764,     1.7677670251422084036,    -1.4999998979279507427,    -3.8890872243501748429,    -4.0000000000000017764,    -1.7677670251422075154,    -1.4999998588706962011,     1.7677670803775105135,     4.0000000390572605369,     3.8890872243501766192,     1.4999998588706953129,    -1.7677670803775111796,    -4.0000000390572605369,     -3.889087224350175731,    -1.4999998791864193048,   -0.35355329191290540969,     1.0000000187415343245,     1.7677668807905324577,     1.4999998791864190828,     0.3535532919129049656,    -1.0000000187415347686,    -1.7677668807905326798,     1.4999998776122265287,     1.7677668520597586976,    0.99999997968427623007,   -0.35355331841743531385,    -1.4999998776122269728,    -1.7677668520597582535,   -0.99999997968427578598,    0.35355331841743575794,                         0,                      1000,                         0,                         0,
    -2.1211087616120694044, 0.00021176717201685125048,     2.1211089348258931331,-0.00021159395819263186593,    0.35353200409505391999,     2.9999847967395707471,     3.8890871823671382401,     2.5000150418154034604,    -0.3535320040950554743,    -2.9999847967395711912,    -3.8890871823671386842,    -2.5000150418154025722,    -3.8891084966868745276,-1.5041813530645403827e-05,     3.8890872243501766192,     5.5000149397414865859,     3.8891084966868736394, 1.5041813529501504466e-05,    -3.8890872243501783956,    -5.5000149397414865859,    -3.8891083391201144437,    -3.0000149210262341271,   -0.35355344951683576049,     2.5000148376957338492,     3.8891083391201144437,     3.0000149210262332389,    0.35355344951683487231,    -2.5000148376957351815,    0.35353216166181411495,-1.5082473133342228272e-05,   -0.35355349149987347346,   -0.49998506023034838819,   -0.35353216166181433699, 1.5082473133559266913e-05,    0.35355349149987391755,    0.49998506023034816614,                         0,                      1000,                         0,                         0,
    -1.4997006172822620051,     -1.499700637593933461,     1.4997008809851359867,     1.4997009012968072206,    -1.0000301430037836781,     0.3535319621120190936,     1.4999998385549715429,     1.7677881531298749174,      1.000030143003783234,   -0.35353196211201975974,     -1.499999838554971765,    -1.7677881531298749174,    -4.0000301226843220093,    -1.7677883527142081999,     1.4999998588706953129,     3.8891084966868736394,     4.0000301226843220093,     1.7677883527142070896,    -1.4999998588706964231,    -3.8891084966868745276,    -4.0000298795355488934,    -3.8891084967240443504,    -1.5000001020720352685,     1.7677880088127460034,     4.0000298795355488934,     3.8891084967240443504,     1.5000001020720341582,    -1.7677880088127475577,    -1.0000298998550112284,    -1.7677881818978176121,    -1.5000001223877585943,   -0.35353233474425227456,     1.0000298998550116725,     1.7677881818978176121,     1.5000001223877583723,    0.35353233474425160843,                         0,                      1000,                         0,                         0,
 0.00021180915219229124466,    -2.1211087483569350809,-0.00021160943383546977257,     2.1211089480752911562,    -1.7677881951129101878,     -2.500015101188381994,    -1.7677670671252447843,  1.493974335152189819e-05,     1.7677881951129106319,      2.500015101188381994,     1.7677670671252445622, -1.493974335213252763e-05,    -1.7677883527142068676,     -2.500015222000095072,    -1.7677670803775111796, 1.5041813529501504466e-05,     1.7677883527142070896,      2.500015222000095072,     1.7677670803775109576,-1.5041813530112130518e-05,    -1.7677881664166754661,    -2.5000150605813487026,    -1.7677670383944628085, 1.4939767780028396038e-05,     1.7677881664166756881,     2.5000150605813487026,     1.7677670383944623644,-1.4939767780639023783e-05,    -1.7677880088153790084,    -2.5000149397696365128,    -1.7677670251421966352, 1.4837697602048789761e-05,     1.7677880088153794524,     2.5000149397696365128,     1.7677670251421964132,-1.4837697602659417507e-05,                         0,                      1000,                         0,                         0,
     1.5000001606579267399,    -1.5000001216006646487,    -1.5000001419163921934,     1.5000001403421987511,    -1.4999998979279496325,    -3.8890872243501748429,    -4.0000000000000026645,    -1.7677670251422088477,     1.4999998979279507427,     3.8890872243501748429,     4.0000000000000017764,     1.7677670251422079595,     1.4999998588706973113,    -1.7677670803775100694,    -4.0000000390572605369,    -3.8890872243501775074,    -1.4999998588706962011,     1.7677670803775109576,     4.0000000390572605369,     3.8890872243501770633,      1.499999879186420193,    0.35355329191290607582,    -1.0000000187415338804,    -1.7677668807905329018,     -1.499999879186419971,   -0.35355329191290585378,     1.0000000187415343245,     1.7677668807905333459,    -1.4999998776122263067,    -1.7677668520597582535,   -0.99999997968427600803,     0.3535533184174350918,     1.4999998776122265287,     1.7677668520597578095,    0.99999997968427556394,   -0.35355331841743553589,                         0,                      1000,                         0,                         0,
     2.1211087616120694044,-0.00021176717201618514377,    -2.1211089348258940213, 0.00021159395819196575922,   -0.35353200409505325386,    -2.9999847967395698589,    -3.8890871823671382401,    -2.5000150418154034604,    0.35353200409505480817,      2.999984796739570303,     3.8890871823671382401,     2.5000150418154025722,     3.8891084966868749717, 1.5041813531367052181e-05,    -3.8890872243501761751,    -5.5000149397414865859,    -3.8891084966868745276,-1.5041813530112130518e-05,     3.8890872243501775074,     5.5000149397414874741,     3.8891083391201153319,     3.0000149210262345711,    0.35355344951683620458,    -2.5000148376957342933,    -3.8891083391201153319,    -3.0000149210262341271,    -0.3535534495168353164,     2.5000148376957351815,   -0.35353216166181344882, 1.5082473134063874932e-05,    0.35355349149987391755,    0.49998506023034816614,    0.35353216166181367086,-1.5082473134280915267e-05,   -0.35355349149987436164,    -0.4999850602303479441,                         0,                      1000,                         0,                         0,
     1.4997003532382391366,     1.4997003735499061516,     -1.499700616941067377,    -1.4997006372527339479,     1.0000298592235650208,   -0.35353217714032170171,    -1.4999998588706953129,     -1.767787966832344182,    -1.0000298592235645767,    0.35353217714032236785,     1.4999998588706953129,      1.767787966832344182,     4.0000298795355488934,     1.7677881664166763542,    -1.4999998791864193048,    -3.8891083391201144437,    -4.0000298795355488934,    -1.7677881664166754661,      1.499999879186420193,     3.8891083391201153319,     4.0000296363868237393,     3.8891083391573197936,     1.5000001223877608147,    -1.7677878225152459102,    -4.0000296363868237393,    -3.8891083391573189054,    -1.5000001223877599266,     1.7677878225152474645,     1.0000296160748396446,     1.7677879956003215156,     1.5000001427034845847,    0.35353254977252390745,    -1.0000296160748398666,    -1.7677879956003219597,    -1.5000001427034845847,   -0.35353254977252324132,                         0,                         0,                      1000,                         0,
-0.00021180952480393387574,      2.121108375314910699,  0.0002116098064817421734,    -2.1211085750332321354,   -0.35353237672729243002,   -0.49998506023034905432,   -0.35355327643439626861,-1.4778324618425889617e-05,    0.35353237672729265206,    0.49998506023034927637,    0.35355327643439604657,  1.477832461815334152e-05,     3.8891084967240447945,     2.5000150605813500349,   -0.35355329191290540969,    -3.0000149210262341271,    -3.8891084967240443504,    -2.5000150605813487026,    0.35355329191290607582,     3.0000149210262345711,     3.8891083391573197936,     5.5000149397940765184,     3.8890873819541056378,-1.4818980508240961323e-05,    -3.8891083391573206818,    -5.5000149397940765184,    -3.8890873819541047496, 1.4818980510251202593e-05,   -0.35353253429401698682,     2.5000148189823780953,     3.8890873974326138907,     2.9999853237211073775,     0.3535325342940158766,    -2.5000148189823789835,    -3.8890873974326138907,    -2.9999853237211064894,                         0,                         0,                      1000,                         0,
     -1.499999897140856131,     1.4999998580836015893,     1.4999998783993249152,    -1.4999998768251323611,    -1.5000001411292962494,    -0.3535534760213678851,     1.0000000203157273226,     1.7677670671252392331,     1.5000001411292958053,    0.35355347602136744101,    -1.0000000203157275447,    -1.7677670671252394552,     1.5000001020720348244,     1.7677670383944628085,     1.0000000187415343245,   -0.35355344951683576049,    -1.5000001020720352685,    -1.7677670383944628085,    -1.0000000187415338804,    0.35355344951683620458,     1.5000001223877610368,     3.8890873819541056378,     3.9999999984258085561,     1.7677668653120308662,     -1.500000122387761925,    -3.8890873819541056378,     -3.999999998425807668,    -1.7677668653120295339,     -1.500000120813569815,     1.7677668675382753882,     4.0000000000000008882,     3.8890873819541056378,     1.5000001208135687047,    -1.7677668675382762764,    -4.0000000000000008882,    -3.8890873819541047496,                         0,                         0,                      1000,                         0,
     -2.121108388570042802, 0.00021176754463626086197,     2.1211085617838363326,-0.00021159433084223035508,    -1.7677881664193146882, -1.506058321906305532e-05,     1.7677668675382687269,     2.5000149397696413978,     1.7677881664193142441, 1.5060583218507937032e-05,    -1.7677668675382696151,    -2.5000149397696418418,    -1.7677880088127464475,-1.4939767780583509244e-05,     1.7677668807905324577,     2.5000148376957338492,     1.7677880088127460034, 1.4939767780028396038e-05,    -1.7677668807905329018,    -2.5000148376957342933,    -1.7677878225152459102, -1.481898050812993902e-05,     1.7677668653120308662,     2.5000146950185544448,     1.7677878225152454661, 1.4818980507574822426e-05,    -1.7677668653120313103,    -2.5000146950185544448,    -1.7677879801218141509,-1.4939795946720502316e-05,     1.7677668520597666912,     2.5000147970924615493,     1.7677879801218137068, 1.4939795946165387416e-05,    -1.7677668520597671353,    -2.5000147970924615493,                         0,                         0,                      1000,                         0,
    -1.4997003532382386926,    -1.4997003735499065957,      1.499700616941066933,      1.499700637252734392,    -1.0000298592235645767,    0.35353217714032236785,     1.4999998588706950908,     1.7677879668323432938,     1.0000298592235641326,   -0.35353217714032281194,    -1.4999998588706953129,    -1.7677879668323435158,    -4.0000298795355497816,    -1.7677881664166765763,     1.4999998791864190828,     3.8891083391201144437,     4.0000298795355488934,     1.7677881664166756881,     -1.499999879186419971,    -3.8891083391201153319,    -4.0000296363868237393,    -3.8891083391573206818,     -1.500000122387762147,     1.7677878225152454661,     4.0000296363868246274,     3.8891083391573197936,     1.5000001223877612588,    -1.7677878225152470204,    -1.0000296160748389784,    -1.7677879956003219597,    -1.5000001427034856949,   -0.35353254977252501767,     1.0000296160748394225,     1.7677879956003221817,     1.5000001427034856949,    0.35353254977252435154,                         0,                         0,                      1000,                         0,
 0.00021180952480459992824,     -2.121108375314910699, -0.0002116098064826302705,     2.1211085750332321354,     0.3535323767272933182,    0.49998506023034905432,    0.35355327643439582452,  1.477832461775975072e-05,    -0.3535323767272933182,   -0.49998506023034927637,   -0.35355327643439582452,-1.4778324617598224925e-05,    -3.8891084967240439063,    -2.5000150605813495908,     0.3535532919129049656,     3.0000149210262332389,     3.8891084967240443504,     2.5000150605813487026,   -0.35355329191290585378,    -3.0000149210262341271,    -3.8891083391573189054,    -5.5000149397940765184,    -3.8890873819541060818, 1.4818980507463800123e-05,     3.8891083391573197936,     5.5000149397940765184,     3.8890873819541047496,-1.4818980509251996789e-05,    0.35353253429401809704,    -2.5000148189823780953,    -3.8890873974326138907,    -2.9999853237211082657,   -0.35353253429401676478,     2.5000148189823789835,     3.8890873974326143347,     2.9999853237211073775,                         0,                         0,                      1000,                         0,
