{
    "S":[
        0.6579210204608723,
        0.6045318444242945,
        0.5593666633413882,
        0.5282868109744315,
        0.3625947930055006,
        0.060050365342196606,
        0.008477905169241825,
        0.0075614439800277865,
        0.006533456549094296,
        1.3313313447085317e-16,
        8.232711980516203e-17,
        7.767702034698635e-17,
        6.337518473095096e-17,
        5.1100778384939833e-17,
        2.7007918676131055e-17,
        1.7006635798428907e-17,
        1.145203426739367e-17,
        2.1444620738972607e-18,
        2.7632411315040334e-19,
        5.7992219604424955e-21,
        3.7847110559441016e-34
    ],
    "U":[
        [
            -0.21376819626883747,
            0.03937194808956346,
            -0.04428792941343174,
            0.044262941106134046,
            -0.07479446958336172,
            -0.9710317456436854,
            0.004437593103221334,
            -0.007552164404552985,
            -0.016086894438744486,
            1.3171242823426488e-16,
            1.3289930429917215e-16,
            2.249348346303906e-16,
            1.1182019883091958e-16,
            1.2927821213538706e-16,
            -8.90086257532217e-17,
            6.86350998247834e-17,
            5.251703803307315e-18,
            -9.436510045609064e-17,
            -6.2309535942820806e-18,
            -2.8143229236791604e-18,
            -2.9086497592776064e-32
        ],
        [
            -0.1734070787564876,
            0.09614444092467819,
            0.5650631034788263,
            -0.3758204441929883,
            -0.010400125678004012,
            -4.416070085593721e-05,
            -0.0059631968663006445,
            -0.0022547715697591405,
            0.00032565917921153673,
            -0.12496285563141096,
            -0.3953680041726764,
            -0.20216962389078205,
            0.015658657751574358,
            -0.08230128624465477,
            0.20463507073554624,
            0.17497320215017909,
            -0.4556565785150339,
            0.005337981882219145,
            -0.003109204230023921,
            0.004996147869671328,
            1.775896910640915e-16
        ],
        [
            -0.02085277490597767,
            -0.012240198737301929,
            -0.3941268586202469,
            -0.5848285369330782,
            -0.044958000749268597,
            -0.0010963488286570289,
            0.0006184268835733558,
            -0.005573927961323795,
            0.0010325113023128415,
            -0.6623038890589109,
            -0.03573800676124404,
            0.08183826595868414,
            -0.009560772103918704,
            0.060119692961351986,
            -0.17671609307060293,
            0.0420929657137175,
            0.10294126509855275,
            0.07687462819210102,
            0.00524929305813468,
            0.011768724653582396,
            3.0776148584516696e-16
        ],
        [
            0.17340707875648756,
            -0.0961444409246782,
            -0.5650631034788262,
            0.3758204441929878,
            0.010400125678004272,
            4.4160700855951085e-05,
            0.005963196866300738,
            0.0022547715697590997,
            -0.00032565917921080186,
            -0.12496285563141067,
            -0.3953680041726764,
            -0.20216962389078202,
            0.015658657751574177,
            -0.08230128624465467,
            0.20463507073554638,
            0.17497320215017892,
            -0.45565657851503405,
            0.005337981882219046,
            -0.0031092042300239226,
            0.004996147869671322,
            1.77589691064091e-16
        ],
        [
            0.0208527749059777,
            0.012240198737301589,
            0.3941268586202465,
            0.5848285369330781,
            0.04495800074926902,
            0.0010963488286568144,
            -0.0006184268835732919,
            0.005573927961323475,
            -0.0010325113023123946,
            -0.662303889058911,
            -0.03573800676124433,
            0.08183826595868415,
            -0.00956077210391864,
            0.06011969296135188,
            -0.17671609307060285,
            0.0420929657137176,
            0.10294126509855253,
            0.07687462819210095,
            0.005249293058134679,
            0.011768724653582408,
            3.077614858451667e-16
        ],
        [
            -0.27894663152716814,
            0.032946286874517595,
            -0.04785575831870116,
            0.07853380737464065,
            -0.4845336401939334,
            0.10580014435439722,
            0.0018871038087680363,
            0.002827033771274942,
            0.0009205777652624043,
            -0.07837704110310334,
            0.07296055775090687,
            -0.0981099641018489,
            -0.25423647497866486,
            0.1354086049554468,
            0.28359832400919793,
            -0.544162200767176,
            -0.10835129803005747,
            0.4125614326840382,
            0.05855413292762939,
            0.026214240691441376,
            7.335708696688079e-16
        ],
        [
            -0.11298631189294232,
            -0.48459855107983346,
            0.038914155673647643,
            -0.014072714398964672,
            0.026152505564167934,
            0.0007965559340389079,
            0.0008540686382824826,
            0.0007658344704985064,
            -0.00028430528339976464,
            -0.08386729992413886,
            -0.11972686784026369,
            0.034254966830625594,
            -0.31482705953637474,
            0.25690081074152193,
            0.5435150584182745,
            0.14628091486185493,
            0.3504613644536717,
            -0.34494336868643105,
            -0.04024832305792321,
            -0.04591838986034442,
            -1.388169235901806e-15
        ],
        [
            0.27894663152716814,
            -0.03294628687451779,
            0.047855758318700974,
            -0.07853380737464072,
            0.4845336401939334,
            -0.10580014435439716,
            -0.001887103808766419,
            -0.002827033771278701,
            -0.0009205777652674259,
            -0.09467986793144878,
            -0.06734949947780547,
            0.3169863642475258,
            0.342525279360307,
            0.018886393419467965,
            0.3952177682152246,
            -0.5097632992360503,
            -0.0650542225400243,
            0.1168547639372543,
            0.03202854725925935,
            -0.00609877802675679,
            -9.164746775583103e-17
        ],
        [
            0.11298631189294238,
            0.4845985510798328,
            -0.038914155673647526,
            0.014072714398964539,
            -0.026152505564167542,
            -0.0007965559340390657,
            -0.0008540686382826892,
            -0.00076583447049815,
            0.0002843052834015877,
            0.09853946239508449,
            -0.3569700790339129,
            0.5583914006278434,
            -0.48115702352677664,
            -0.13645909916507967,
            0.09116976953294323,
            0.12403104336540492,
            0.13285595103480266,
            0.09660456086114291,
            0.009295528158242198,
            0.01276852978673511,
            2.759684575611707e-16
        ],
        [
            -0.4504778345585264,
            0.11113714834041513,
            -0.10922192766999396,
            0.06355590886446613,
            0.3071795474726585,
            0.08787579852691751,
            -0.00035822724136875097,
            0.0009397524116636,
            0.000602755684124239,
            -0.08920485357420736,
            0.5484386163979069,
            0.28697641378483535,
            -0.09430502818250976,
            0.015951075552596783,
            0.20670570374537553,
            0.2700886091392511,
            -0.3881998289441032,
            0.0031184697934333195,
            -0.002259715976794876,
            0.005644863009880439,
            1.7278266365377823e-16
        ],
        [
            0.11298631189294212,
            0.484598551079834,
            -0.03891415567364775,
            0.014072714398964663,
            -0.026152505564167653,
            -0.0007965559340389373,
            -0.0008540686382822903,
            -0.0007658344704987444,
            0.0002843052834015349,
            -0.15241856787362615,
            0.12481120927106007,
            -0.21043878659586815,
            -0.13967555223572767,
            0.12993282132871833,
            0.03955442943944549,
            -0.3269877298113258,
            -0.11794911246724167,
            -0.7030355287490038,
            -0.07285001062774303,
            -0.09247086651373797,
            -2.50761053134539e-15
        ],
        [
            0.45047783455852647,
            -0.11113714834041491,
            0.10922192766999392,
            -0.06355590886446613,
            -0.3071795474726583,
            -0.08787579852691751,
            0.0003582272413689834,
            -0.0009397524116637975,
            -0.0006027556841244276,
            -0.15251335829688095,
            0.40480428095899706,
            -0.0035068958652461992,
            -0.09232763878205985,
            -0.6147827462869844,
            0.28314477135688476,
            0.10743245680170387,
            -0.03181633835907796,
            -0.017698579256553847,
            0.000445344695238015,
            -0.0026283538051804574,
            -9.340694298807874e-17
        ],
        [
            -0.2789466315271682,
            0.03294628687451792,
            -0.047855758318701105,
            0.07853380737464065,
            -0.48453364019393363,
            0.10580014435439739,
            0.0018871038087659362,
            0.0028270337712792085,
            0.0009205777652668149,
            -0.016302826828345957,
            -0.14031005722871256,
            0.41509632834937454,
            0.5967617543389713,
            -0.11652221153597896,
            0.11161944420602707,
            0.03439890153112592,
            0.043297075490033476,
            -0.2957066687467835,
            -0.026525585668370006,
            -0.03231301871819811,
            -8.252183374246377e-16
        ],
        [
            -0.11298631189294221,
            -0.48459855107983346,
            0.038914155673647706,
            -0.01407271439896467,
            0.026152505564167344,
            0.0007965559340389634,
            0.0008540686382824672,
            0.0007658344704985914,
            -0.00028430528340062035,
            0.029988194445597114,
            -0.11243200192258847,
            0.3136976472013492,
            -0.3060055162261288,
            -0.26342708857788294,
            -0.4127908594458859,
            -0.34923760130777604,
            -0.33555452588611134,
            -0.26148759920143094,
            -0.023306159411577744,
            -0.03378394686665858,
            -8.43472837882417e-16
        ],
        [
            -0.4504778345585264,
            0.11113714834041483,
            -0.10922192766999397,
            0.06355590886446613,
            0.3071795474726587,
            0.08787579852691735,
            -0.00035822724136883814,
            0.000939752411663585,
            0.000602755684123915,
            -0.0633085047226732,
            -0.14363433543891016,
            -0.29048330965008123,
            0.0019773894004497337,
            -0.6307338218395813,
            0.07643906761150902,
            -0.1626561523375473,
            0.3563834905850251,
            -0.020817049049986852,
            0.0027050606720329285,
            -0.00827321681506086,
            -2.6618960664185597e-16
        ],
        [
            0.0,
            0.0,
            0.0,
            0.0,
            0.0,
            0.0,
            0.0,
            0.0,
            0.0,
            0.0,
            0.0,
            0.0,
            0.0,
            0.0,
            -2.7755575615628914e-17,
            -1.3877787807814457e-16,
            -3.3306690738754696e-16,
            -6.106226635438361e-16,
            2.1566949615081654e-15,
            3.170914594265162e-14,
            -1.0
        ],
        [
            0.0015750536504383532,
            0.0001000449893713035,
            0.0005199563637936591,
            -0.000452254915057696,
            7.503714464411008e-05,
            0.017477426832308924,
            0.046347528829005384,
            -0.17642921442565856,
            -0.9830647013789111,
            1.2733532542469904e-16,
            -1.1177678609119485e-15,
            7.644211636981696e-16,
            2.2150766576668408e-16,
            -1.9531214251838881e-16,
            -8.866883907321526e-16,
            3.272893423190872e-15,
            6.188386553852368e-16,
            -3.1391278630257286e-15,
            -3.99838904269283e-16,
            -1.8922788129240806e-16,
            -5.975835407178634e-30
        ],
        [
            -0.0006539822723126529,
            -0.0020892846439321145,
            -0.004423156038418716,
            0.0051903830835699,
            -0.002681925459772237,
            -0.0004600734541717114,
            -0.6523600238511411,
            -0.2721054837545789,
            0.018063870317301313,
            0.0007697162570929697,
            0.0012736195419348435,
            0.004027944621845415,
            0.0034933208773274193,
            -0.0026013493583677463,
            0.008281058935755497,
            -0.020909664109110528,
            0.0002862050252425117,
            0.057909036019896616,
            -0.6860137088887818,
            0.1596510370882925,
            3.599690389793144e-15
        ],
        [
            -0.0009952408526301144,
            -0.00028634544080924595,
            0.0030448173347148505,
            0.004634493950955246,
            -0.00047146868297338965,
            0.004418131086771846,
            0.27073893547829375,
            -0.6405589869100513,
            0.12780081766162732,
            -0.0007819950469450378,
            0.000812550846931668,
            -0.001261498647999817,
            -0.003123304633677588,
            0.002024637666660694,
            0.008606449835436595,
            -0.017029242038723736,
            0.0022601934789988547,
            -0.09592412222011207,
            0.15160583677679326,
            0.6836873124245295,
            2.1940657523105784e-14
        ],
        [
            0.0006539822723126519,
            0.002089284643932116,
            0.004423156038418716,
            -0.005190383083569897,
            0.002681925459772236,
            0.0004600734541717153,
            0.6523600238511411,
            0.2721054837545785,
            -0.018063870317301216,
            0.0007697162570927511,
            0.0012736195419344742,
            0.004027944621845784,
            0.0034933208773273937,
            -0.0026013493583677888,
            0.008281058935755314,
            -0.02090966410911015,
            0.00028620502524279526,
            0.057909036019896575,
            -0.686013708888782,
            0.15965103708829226,
            3.599690389793131e-15
        ],
        [
            0.0009952408526301144,
            0.0002863454408092467,
            -0.0030448173347148496,
            -0.00463449395095525,
            0.00047146868297339323,
            -0.004418131086771842,
            -0.2707389354782935,
            0.6405589869100516,
            -0.12780081766162732,
            -0.0007819950469460826,
            0.0008125508469322512,
            -0.0012614986480008507,
            -0.003123304633679493,
            0.0020246376666615074,
            0.008606449835437933,
            -0.017029242038726102,
            0.0022601934789982705,
            -0.09592412222011035,
            0.1516058367767932,
            0.6836873124245296,
            2.1940657523105784e-14
        ]
    ],
    "lower bound":[
        0.5973613936396343,
        -2.267581169500419,
        -2.269341039044291,
        -2.273347009266634,
        -2.27225259975842,
        0.387199950335306,
        -1.7800547038797734,
        -7.114382550786688,
        -2.1010255070080768,
        0.3402975997666803,
        -2.1010255070080657,
        -6.309132294631464,
        0.3871999503353061,
        -1.780054703879774,
        0.34029759976668017,
        4.0,
        -1.7932017524205168,
        -1.8300868450221015,
        -2.177674419624128,
        -1.8838682345059636,
        -1.6069970923894392
    ],
    "mean":[
        -0.03258829146277082,
        -0.0036856893446084883,
        -0.0051880265040043835,
        0.0036856893446083057,
        0.005188026504004352,
        -0.46810802464443196,
        -0.107145986478129,
        0.46810802464443185,
        0.10714598647813002,
        -0.4270018076234892,
        0.10714598647812774,
        0.4270018076234892,
        -0.46810802464443174,
        -0.10714598647812876,
        -0.4270018076234892,
        -1.0,
        0.5456228667193224,
        -0.013462312059977666,
        0.1511939183810427,
        0.013462312059977527,
        -0.15119391838104257
    ],
    "upper bound":[
        4.964952359413338,
        2.273347009266634,
        2.2722525997584206,
        2.2675811695004193,
        2.2693410390442907,
        7.11438255078669,
        2.101025507008071,
        -0.387199950335306,
        1.7800547038797727,
        6.309132294631464,
        1.7800547038797747,
        -0.3402975997666802,
        7.1143825507866865,
        2.1010255070080706,
        6.309132294631464,
        4.00001,
        0.4986623974137636,
        1.8838682345059636,
        1.6069970923894394,
        1.8300868450221015,
        2.177674419624127
    ]
}