2.27161146886,0.192591989691,1.66339663323,2.24545393351,1.51215477323,-0.106944144805,-1.66339663323,-2.24545393351,-1.51215477323,0.106944144805,-1.14705009486e-06,0.00221559010113,0.00313446461977,0.00221721227493,1.14705009486e-06,-0.00221559010113,-0.00313446461977,-0.00221721227493,0.0,0.0
0.192591989691,2.41801371736,-3.54149300917e-06,0.00744407123881,0.0105310479982,0.00744907966625,3.54149300917e-06,-0.00744407123881,-0.0105310479982,-0.00744907966625,-1.76798930081,-0.263750980752,1.39498908674,2.23656346658,1.76798930081,0.263750980752,-1.39498908674,-2.23656346658,0.0,0.0
1.66339663323,-3.54149300917e-06,3.49933053456,1.73058384193,-1.05191539448,-3.21821685927,-3.49933053456,-1.73058384193,1.05191539448,3.21821685927,0.194126460758,0.137279911939,1.66525478611e-05,-0.13725636168,-0.194126460758,-0.137279911939,-1.66525478612e-05,0.13725636168,4.0,0.0
2.24545393351,0.00744407123881,1.73058384193,2.54237419523,1.86487622559,0.0949590551474,-1.73058384193,-2.54237419523,-1.86487622559,-0.0949590551474,0.137280363055,0.168840628033,0.101496342989,-0.0253031232468,-0.137280363055,-0.168840628033,-0.101496342989,0.0253031232468,4.0,0.0
1.51215477323,0.0105310479982,-1.05191539448,1.86487622559,3.68924864486,3.35250924293,1.05191539448,-1.86487622559,-3.68924864486,-3.35250924293,1.72905210365e-05,0.101496794104,0.143520852238,0.101472341614,-1.72905210365e-05,-0.101496794104,-0.143520852238,-0.101472341614,4.0,0.0
-0.106944144805,0.00744907966625,-3.21821685927,0.0949590551474,3.35250924293,4.64620498419,3.21821685927,-0.0949590551474,-3.35250924293,-4.64620498419,-0.137255910565,-0.0253024852736,0.10147279273,0.168806684964,0.137255910565,0.0253024852736,-0.10147279273,-0.168806684964,4.0,0.0
-1.66339663323,3.54149300917e-06,-3.49933053456,-1.73058384193,1.05191539448,3.21821685927,3.49933053456,1.73058384193,-1.05191539448,-3.21821685927,-0.194126460758,-0.137279911939,-1.66525478611e-05,0.13725636168,0.194126460758,0.137279911939,1.66525478611e-05,-0.13725636168,4.0,0.0
-2.24545393351,-0.00744407123881,-1.73058384193,-2.54237419523,-1.86487622559,-0.0949590551474,1.73058384193,2.54237419523,1.86487622559,0.0949590551474,-0.137280363055,-0.168840628033,-0.101496342989,0.0253031232468,0.137280363055,0.168840628033,0.101496342989,-0.0253031232468,4.0,0.0
-1.51215477323,-0.0105310479982,1.05191539448,-1.86487622559,-3.68924864486,-3.35250924293,-1.05191539448,1.86487622559,3.68924864486,3.35250924293,-1.72905210365e-05,-0.101496794104,-0.143520852238,-0.101472341614,1.72905210365e-05,0.101496794104,0.143520852238,0.101472341614,4.0,0.0
0.106944144805,-0.00744907966625,3.21821685927,-0.0949590551474,-3.35250924293,-4.64620498419,-3.21821685927,0.0949590551474,3.35250924293,4.64620498419,0.137255910565,0.0253024852736,-0.10147279273,-0.168806684964,-0.137255910565,-0.0253024852736,0.10147279273,0.168806684964,4.0,0.0
-1.14705009486e-06,-1.76798930081,0.194126460758,0.137280363055,1.72905210365e-05,-0.137255910565,-0.194126460758,-0.137280363055,-1.72905210365e-05,0.137255910565,3.50592476532,3.20314076533,1.02400034719,-1.75498558645,-3.50592476532,-3.20314076533,-1.02400034719,1.75498558645,0.0,4.0
0.00221559010113,-0.263750980752,0.137279911939,0.168840628033,0.101496794104,-0.0253024852736,-0.137279911939,-0.168840628033,-0.101496794104,0.0253024852736,3.20314076533,4.69778564757,3.44053141059,0.167860535057,-3.20314076533,-4.69778564757,-3.44053141059,-0.167860535057,0.0,4.0
0.00313446461977,1.39498908674,1.66525478611e-05,0.101496342989,0.143520852238,0.10147279273,-1.66525478611e-05,-0.101496342989,-0.143520852238,-0.10147279273,1.02400034719,3.44053141059,3.84164583544,1.99237623172,-1.02400034719,-3.44053141059,-3.84164583544,-1.99237623172,0.0,4.0
0.00221721227493,2.23656346658,-0.13725636168,-0.0253031232468,0.101472341614,0.168806684964,0.13725636168,0.0253031232468,-0.101472341614,-0.168806684964,-1.75498558645,0.167860535057,1.99237623172,2.64978495319,1.75498558645,-0.167860535057,-1.99237623172,-2.64978495319,0.0,4.0
1.14705009486e-06,1.76798930081,-0.194126460758,-0.137280363055,-1.72905210365e-05,0.137255910565,0.194126460758,0.137280363055,1.72905210365e-05,-0.137255910565,-3.50592476532,-3.20314076533,-1.02400034719,1.75498558645,3.50592476532,3.20314076533,1.02400034719,-1.75498558645,0.0,4.0
-0.00221559010113,0.263750980752,-0.137279911939,-0.168840628033,-0.101496794104,0.0253024852736,0.137279911939,0.168840628033,0.101496794104,-0.0253024852736,-3.20314076533,-4.69778564757,-3.44053141059,-0.167860535057,3.20314076533,4.69778564757,3.44053141059,0.167860535057,0.0,4.0
-0.00313446461977,-1.39498908674,-1.66525478612e-05,-0.101496342989,-0.143520852238,-0.10147279273,1.66525478611e-05,0.101496342989,0.143520852238,0.10147279273,-1.02400034719,-3.44053141059,-3.84164583544,-1.99237623172,1.02400034719,3.44053141059,3.84164583544,1.99237623172,0.0,4.0
-0.00221721227493,-2.23656346658,0.13725636168,0.0253031232468,-0.101472341614,-0.168806684964,-0.13725636168,-0.0253031232468,0.101472341614,0.168806684964,1.75498558645,-0.167860535057,-1.99237623172,-2.64978495319,-1.75498558645,0.167860535057,1.99237623172,2.64978495319,0.0,4.0
4.0,0.0,-4.0,-4.0,-4.0,-4.0,-4.0,-4.0,-4.0,-4.0,-0.0,-0.0,-0.0,-0.0,-0.0,-0.0,-0.0,-0.0,0.0,0.0
0.0,4.0,-0.0,-0.0,-0.0,-0.0,-0.0,-0.0,-0.0,-0.0,-4.0,-4.0,-4.0,-4.0,-4.0,-4.0,-4.0,-4.0,0.0,0.0
2.28098842454,0.192595527925,1.66541948616,2.24588114226,1.51073608471,-0.109377682107,-1.66541948616,-2.24588114226,-1.51073608471,0.109377682107,-1.1717891732e-06,0.00220657955413,0.00312174652108,0.00220823671427,1.1717891732e-06,-0.00220657955413,-0.00312174652108,-0.00220823671427,0.0,0.0
0.192595527925,2.41467764534,-3.55751176006e-06,0.00743506684912,0.0105183298869,0.0074400979305,3.55751176005e-06,-0.00743506684912,-0.0105183298869,-0.0074400979305,-1.76586750444,-0.260610363422,1.39730879399,2.23670341071,1.76586750444,0.260610363422,-1.39730879399,-2.23670341071,0.0,0.0
1.66541948616,-3.55751176006e-06,3.49192350673,1.72220525336,-1.05635748024,-3.21612032863,-3.49192350673,-1.72220525336,1.05635748024,3.21612032863,0.194126460698,0.137279917094,1.66598977983e-05,-0.137256356441,-0.194126460698,-0.137279917094,-1.66598977983e-05,0.137256356441,4.0,0.0
2.24588114226,0.00743506684912,1.72220525336,2.53324363162,1.86034224727,0.0976776051283,-1.72220525336,-2.53324363162,-1.86034224727,-0.0976776051283,0.137280480407,0.168838945602,0.101493846319,-0.0253049716395,-0.137280480407,-0.168838945602,-0.101493846319,0.0253049716395,4.0,0.0
1.51073608471,0.0105183298869,-1.05635748024,1.86034224727,3.68727871699,3.35425732255,1.05635748024,-1.86034224727,-3.68727871699,-3.35425732255,1.74565431876e-05,0.101494409633,0.143517314064,0.101469722352,-1.74565431876e-05,-0.101494409633,-0.143517314064,-0.101469722352,4.0,0.0
-0.109377682107,0.0074400979305,-3.21612032863,0.0976776051283,3.35425732255,4.64595859211,3.21612032863,-0.0976776051283,-3.35425732255,-4.64595859211,-0.137255793127,-0.0253041749941,0.101470285666,0.168804829161,0.137255793127,0.0253041749941,-0.101470285666,-0.168804829161,4.0,0.0
-1.66541948616,3.55751176005e-06,-3.49192350673,-1.72220525336,1.05635748024,3.21612032863,3.49192350673,1.72220525336,-1.05635748024,-3.21612032863,-0.194126460698,-0.137279917094,-1.66598977983e-05,0.137256356441,0.194126460698,0.137279917094,1.66598977983e-05,-0.137256356441,4.0,0.0
-2.24588114226,-0.00743506684912,-1.72220525336,-2.53324363162,-1.86034224727,-0.0976776051283,1.72220525336,2.53324363162,1.86034224727,0.0976776051283,-0.137280480407,-0.168838945602,-0.101493846319,0.0253049716395,0.137280480407,0.168838945602,0.101493846319,-0.0253049716395,4.0,0.0
-1.51073608471,-0.0105183298869,1.05635748024,-1.86034224727,-3.68727871699,-3.35425732255,-1.05635748024,1.86034224727,3.68727871699,3.35425732255,-1.74565431876e-05,-0.101494409633,-0.143517314064,-0.101469722352,1.74565431876e-05,0.101494409633,0.143517314064,0.101469722352,4.0,0.0
0.109377682107,-0.0074400979305,3.21612032863,-0.0976776051283,-3.35425732255,-4.64595859211,-3.21612032863,0.0976776051283,3.35425732255,4.64595859211,0.137255793127,0.0253041749941,-0.101470285666,-0.168804829161,-0.137255793127,-0.0253041749941,0.101470285666,0.168804829161,4.0,0.0
-1.1717891732e-06,-1.76586750444,0.194126460698,0.137280480407,1.74565431876e-05,-0.137255793127,-0.194126460698,-0.137280480407,-1.74565431876e-05,0.137255793127,3.51088202543,3.20599997699,1.023086623,-1.75913699926,-3.51088202543,-3.20599997699,-1.023086623,1.75913699926,0.0,4.0
0.00220657955413,-0.260610363422,0.137279917094,0.168838945602,0.101494409633,-0.0253041749941,-0.137279917094,-0.168838945602,-0.101494409633,0.0253041749941,3.20599997699,4.6985399594,3.43873895693,0.164571310962,-3.20599997699,-4.6985399594,-3.43873895693,-0.164571310962,0.0,4.0
0.00312174652108,1.39730879399,1.66598977983e-05,0.101493846319,0.143517314064,0.101470285666,-1.66598977983e-05,-0.101493846319,-0.143517314064,-0.101470285666,1.023086623,3.43873895693,3.84002464735,1.9918759792,-1.023086623,-3.43873895693,-3.84002464735,-1.9918759792,0.0,4.0
0.00220823671427,2.23670341071,-0.137256356441,-0.0253049716395,0.101469722352,0.168804829161,0.137256356441,0.0253049716395,-0.101469722352,-0.168804829161,-1.75913699926,0.164571310962,1.9918759792,2.65236671339,1.75913699926,-0.164571310962,-1.9918759792,-2.65236671339,0.0,4.0
1.1717891732e-06,1.76586750444,-0.194126460698,-0.137280480407,-1.74565431876e-05,0.137255793127,0.194126460698,0.137280480407,1.74565431876e-05,-0.137255793127,-3.51088202543,-3.20599997699,-1.023086623,1.75913699926,3.51088202543,3.20599997699,1.023086623,-1.75913699926,0.0,4.0
-0.00220657955413,0.260610363422,-0.137279917094,-0.168838945602,-0.101494409633,0.0253041749941,0.137279917094,0.168838945602,0.101494409633,-0.0253041749941,-3.20599997699,-4.6985399594,-3.43873895693,-0.164571310962,3.20599997699,4.6985399594,3.43873895693,0.164571310962,0.0,4.0
-0.00312174652108,-1.39730879399,-1.66598977983e-05,-0.101493846319,-0.143517314064,-0.101470285666,1.66598977983e-05,0.101493846319,0.143517314064,0.101470285666,-1.023086623,-3.43873895693,-3.84002464735,-1.9918759792,1.023086623,3.43873895693,3.84002464735,1.9918759792,0.0,4.0
-0.00220823671427,-2.23670341071,0.137256356441,0.0253049716395,-0.101469722352,-0.168804829161,-0.137256356441,-0.0253049716395,0.101469722352,0.168804829161,1.75913699926,-0.164571310962,-1.9918759792,-2.65236671339,-1.75913699926,0.164571310962,1.9918759792,2.65236671339,0.0,4.0
4.0,0.0,-4.0,-4.0,-4.0,-4.0,-4.0,-4.0,-4.0,-4.0,-0.0,-0.0,-0.0,-0.0,-0.0,-0.0,-0.0,-0.0,0.0,0.0
0.0,4.0,-0.0,-0.0,-0.0,-0.0,-0.0,-0.0,-0.0,-0.0,-4.0,-4.0,-4.0,-4.0,-4.0,-4.0,-4.0,-4.0,0.0,0.0
2.29037575056,0.192599157635,1.66739767056,2.24626811396,1.50930516092,-0.111788285619,-1.66739767056,-2.24626811396,-1.50930516092,0.111788285619,-1.18168764132e-06,0.00219732819472,0.0031086730216,0.00219899935341,1.18168764132e-06,-0.00219732819472,-0.0031086730216,-0.00219899935341,0.0,0.0
0.192599157635,2.41151398475,-3.52419407753e-06,0.00742584604466,0.0105052563825,0.00743083000772,3.52419407752e-06,-0.00742584604466,-0.0105052563825,-0.00743083000772,-1.76386490089,-0.257659831772,1.39947887232,2.23682183326,1.76386490089,0.257659831772,-1.39947887232,-2.23682183326,0.0,0.0
1.66739767056,-3.52419407753e-06,3.4845121764,1.71382327466,-1.06080005786,-3.21402110346,-3.4845121764,-1.71382327466,1.06080005786,3.21402110346,0.194126460796,0.137279754912,1.64304391041e-05,-0.137256518762,-0.194126460796,-0.137279754912,-1.64304391041e-05,0.137256518762,4.0,0.0
2.24626811396,0.00742584604466,1.71382327466,2.52410739099,1.85580363056,0.100395272453,-1.71382327466,-2.52410739099,-1.85580363056,-0.100395272453,0.137280430099,0.168836980395,0.101491117406,-0.0253068656993,-0.137280430099,-0.168836980395,-0.101491117406,0.0253068656993,4.0,0.0
1.50930516092,0.0105052563825,-1.06080005786,1.85580363056,3.68530272131,3.35600145936,1.06080005786,-1.85580363056,-3.68530272131,-3.35600145936,1.73852981118e-05,0.101491792593,0.143513684256,0.101467206069,-1.73852981118e-05,-0.101491792593,-0.143513684256,-0.101467206069,4.0,0.0
-0.111788285619,0.00743083000772,-3.21402110346,0.100395272453,3.35600145936,4.64570750671,3.21402110346,-0.100395272453,-3.35600145936,-4.64570750671,-0.137255843574,-0.0253059108403,0.101467881256,0.168803164658,0.137255843574,0.0253059108403,-0.101467881256,-0.168803164658,4.0,0.0
-1.66739767056,3.52419407752e-06,-3.4845121764,-1.71382327466,1.06080005786,3.21402110346,3.4845121764,1.71382327466,-1.06080005786,-3.21402110346,-0.194126460796,-0.137279754912,-1.64304391041e-05,0.137256518762,0.194126460796,0.137279754912,1.64304391041e-05,-0.137256518762,4.0,0.0
-2.24626811396,-0.00742584604466,-1.71382327466,-2.52410739099,-1.85580363056,-0.100395272453,1.71382327466,2.52410739099,1.85580363056,0.100395272453,-0.137280430099,-0.168836980395,-0.101491117406,0.0253068656993,0.137280430099,0.168836980395,0.101491117406,-0.0253068656993,4.0,0.0
-1.50930516092,-0.0105052563825,1.06080005786,-1.85580363056,-3.68530272131,-3.35600145936,-1.06080005786,1.85580363056,3.68530272131,3.35600145936,-1.73852981118e-05,-0.101491792593,-0.143513684256,-0.101467206069,1.73852981118e-05,0.101491792593,0.143513684256,0.101467206069,4.0,0.0
0.111788285619,-0.00743083000772,3.21402110346,-0.100395272453,-3.35600145936,-4.64570750671,-3.21402110346,0.100395272453,3.35600145936,4.64570750671,0.137255843574,0.0253059108403,-0.101467881256,-0.168803164658,-0.137255843574,-0.0253059108403,0.101467881256,0.168803164658,4.0,0.0
-1.18168764132e-06,-1.76386490089,0.194126460796,0.137280430099,1.73852981118e-05,-0.137255843574,-0.194126460796,-0.137280430099,-1.73852981118e-05,0.137255843574,3.51555297173,3.20867859431,1.02220381365,-1.76306409754,-3.51555297173,-3.20867859431,-1.02220381365,1.76306409754,0.0,4.0
0.00219732819472,-0.257659831772,0.137279754912,0.168836980395,0.101491792593,-0.0253059108403,-0.137279754912,-0.168836980395,-0.101491792593,0.0253059108403,3.20867859431,4.69923898033,3.4370489045,0.161482194957,-3.20867859431,-4.69923898033,-3.4370489045,-0.161482194957,0.0,4.0
0.0031086730216,1.39947887232,1.64304391041e-05,0.101491117406,0.143513684256,0.101467881256,-1.64304391041e-05,-0.101491117406,-0.143513684256,-0.101467881256,1.02220381365,3.4370489045,3.83851736164,1.99143440773,-1.02220381365,-3.4370489045,-3.83851736164,-1.99143440773,0.0,4.0
0.00219899935341,2.23682183326,-0.137256518762,-0.0253068656993,0.101467206069,0.168803164658,0.137256518762,0.0253068656993,-0.101467206069,-0.168803164658,-1.76306409754,0.161482194957,1.99143440773,2.65483135304,1.76306409754,-0.161482194957,-1.99143440773,-2.65483135304,0.0,4.0
1.18168764132e-06,1.76386490089,-0.194126460796,-0.137280430099,-1.73852981118e-05,0.137255843574,0.194126460796,0.137280430099,1.73852981118e-05,-0.137255843574,-3.51555297173,-3.20867859431,-1.02220381365,1.76306409754,3.51555297173,3.20867859431,1.02220381365,-1.76306409754,0.0,4.0
-0.00219732819472,0.257659831772,-0.137279754912,-0.168836980395,-0.101491792593,0.0253059108403,0.137279754912,0.168836980395,0.101491792593,-0.0253059108403,-3.20867859431,-4.69923898033,-3.4370489045,-0.161482194957,3.20867859431,4.69923898033,3.4370489045,0.161482194957,0.0,4.0
-0.0031086730216,-1.39947887232,-1.64304391041e-05,-0.101491117406,-0.143513684256,-0.101467881256,1.64304391041e-05,0.101491117406,0.143513684256,0.101467881256,-1.02220381365,-3.4370489045,-3.83851736164,-1.99143440773,1.02220381365,3.4370489045,3.83851736164,1.99143440773,0.0,4.0
-0.00219899935341,-2.23682183326,0.137256518762,0.0253068656993,-0.101467206069,-0.168803164658,-0.137256518762,-0.0253068656993,0.101467206069,0.168803164658,1.76306409754,-0.161482194957,-1.99143440773,-2.65483135304,-1.76306409754,0.161482194957,1.99143440773,2.65483135304,0.0,4.0
4.0,0.0,-4.0,-4.0,-4.0,-4.0,-4.0,-4.0,-4.0,-4.0,-0.0,-0.0,-0.0,-0.0,-0.0,-0.0,-0.0,-0.0,0.0,0.0
0.0,4.0,-0.0,-0.0,-0.0,-0.0,-0.0,-0.0,-0.0,-0.0,-4.0,-4.0,-4.0,-4.0,-4.0,-4.0,-4.0,-4.0,0.0,0.0
2.38301076193,0.0997694668425,-1.099908078,-2.16848171154,-1.96678816822,-0.612976790272,1.099908078,2.16848171154,1.96678816822,0.612976790272,1.0608093356e-06,-0.0029063681531,-0.0041112860687,-0.00290786836405,-1.0608093356e-06,0.0029063681531,0.0041112860687,0.00290786836405,0.0,0.0
0.0997694668425,2.32262325025,-1.47774810004e-06,0.00493709825629,0.00698358906092,0.0049391881077,1.47774810004e-06,-0.00493709825629,-0.00698358906092,-0.0049391881077,1.25466534903,-0.425023531845,-1.85573939209,-2.19938828468,-1.25466534903,0.425023531845,1.85573939209,2.19938828468,0.0,0.0
-1.099908078,-1.47774810004e-06,4.14334077382,2.26220089134,-0.944105592481,-3.59736782454,-4.14334077382,-2.26220089134,0.944105592481,3.59736782454,0.0992251815776,0.0701549901446,-1.1043047003e-05,-0.0701706073714,-0.0992251815776,-0.0701549901446,1.1043047003e-05,0.0701706073714,4.0,0.0
-2.16848171154,0.00493709825629,2.26220089134,2.60708387677,1.42477248544,-0.592151304569,-2.26220089134,-2.60708387677,-1.42477248544,0.592151304569,0.0701567216559,0.121364518172,0.101478625934,0.0221479309147,-0.0701567216559,-0.121364518172,-0.101478625934,-0.0221479309147,4.0,0.0
-1.96678816822,0.00698358906092,-0.944105592481,1.42477248544,2.95903816469,2.75993941864,0.944105592481,-1.42477248544,-2.95903816469,-2.75993941864,-8.5943202187e-06,0.101480357445,0.143523492134,0.101492511649,8.59432021871e-06,-0.101480357445,-0.143523492134,-0.101492511649,4.0,0.0
-0.612976790272,0.0049391881077,-3.59736782454,-0.592151304569,2.75993941864,4.49529506174,3.59736782454,0.592151304569,-2.75993941864,-4.49529506174,-0.0701688758601,0.0221503796414,0.101494243161,0.121384155539,0.0701688758601,-0.0221503796414,-0.101494243161,-0.121384155539,4.0,0.0
1.099908078,1.47774810004e-06,-4.14334077382,-2.26220089134,0.944105592481,3.59736782454,4.14334077382,2.26220089134,-0.944105592481,-3.59736782454,-0.0992251815776,-0.0701549901446,1.1043047003e-05,0.0701706073714,0.0992251815776,0.0701549901446,-1.1043047003e-05,-0.0701706073714,4.0,0.0
2.16848171154,-0.00493709825629,-2.26220089134,-2.60708387677,-1.42477248544,0.592151304569,2.26220089134,2.60708387677,1.42477248544,-0.592151304569,-0.0701567216559,-0.121364518172,-0.101478625934,-0.0221479309147,0.0701567216559,0.121364518172,0.101478625934,0.0221479309147,4.0,0.0
1.96678816822,-0.00698358906092,0.944105592481,-1.42477248544,-2.95903816469,-2.75993941864,-0.944105592481,1.42477248544,2.95903816469,2.75993941864,8.59432021868e-06,-0.101480357445,-0.143523492134,-0.101492511649,-8.5943202187e-06,0.101480357445,0.143523492134,0.101492511649,4.0,0.0
0.612976790272,-0.0049391881077,3.59736782454,0.592151304569,-2.75993941864,-4.49529506174,-3.59736782454,-0.592151304569,2.75993941864,4.49529506174,0.0701688758601,-0.0221503796414,-0.101494243161,-0.121384155539,-0.0701688758601,0.0221503796414,0.101494243161,0.121384155539,4.0,0.0
1.0608093356e-06,1.25466534903,0.0992251815776,0.0701567216559,-8.5943202187e-06,-0.0701688758601,-0.0992251815776,-0.0701567216559,8.59432021868e-06,0.0701688758601,4.05657157516,3.5596998457,0.977604224602,-2.17715869263,-4.05657157516,-3.5596998457,-0.977604224602,2.17715869263,0.0,4.0
-0.0029063681531,-0.425023531845,0.0701549901446,0.121364518172,0.101480357445,0.0221503796414,-0.0701549901446,-0.121364518172,-0.101480357445,-0.0221503796414,3.5596998457,4.60207429595,2.94861603868,-0.432101503818,-3.5596998457,-4.60207429595,-2.94861603868,0.432101503818,0.0,4.0
-0.0041112860687,-1.85573939209,-1.1043047003e-05,0.101478625934,0.143523492134,0.101494243161,1.1043047003e-05,-0.101478625934,-0.143523492134,-0.101494243161,0.977604224602,2.94861603868,3.19236856753,1.56607488561,-0.977604224602,-2.94861603868,-3.19236856753,-1.56607488561,0.0,4.0
-0.00290786836405,-2.19938828468,-0.0701706073714,0.0221479309147,0.101492511649,0.121384155539,0.0701706073714,-0.0221479309147,-0.101492511649,-0.121384155539,-2.17715869263,-0.432101503818,1.56607488561,2.64686584674,2.17715869263,0.432101503818,-1.56607488561,-2.64686584674,0.0,4.0
-1.0608093356e-06,-1.25466534903,-0.0992251815776,-0.0701567216559,8.59432021871e-06,0.0701688758601,0.0992251815776,0.0701567216559,-8.5943202187e-06,-0.0701688758601,-4.05657157516,-3.5596998457,-0.977604224602,2.17715869263,4.05657157516,3.5596998457,0.977604224602,-2.17715869263,0.0,4.0
0.0029063681531,0.425023531845,-0.0701549901446,-0.121364518172,-0.101480357445,-0.0221503796414,0.0701549901446,0.121364518172,0.101480357445,0.0221503796414,-3.5596998457,-4.60207429595,-2.94861603868,0.432101503818,3.5596998457,4.60207429595,2.94861603868,-0.432101503818,0.0,4.0
0.0041112860687,1.85573939209,1.1043047003e-05,-0.101478625934,-0.143523492134,-0.101494243161,-1.1043047003e-05,0.101478625934,0.143523492134,0.101494243161,-0.977604224602,-2.94861603868,-3.19236856753,-1.56607488561,0.977604224602,2.94861603868,3.19236856753,1.56607488561,0.0,4.0
0.00290786836405,2.19938828468,0.0701706073714,-0.0221479309147,-0.101492511649,-0.121384155539,-0.0701706073714,0.0221479309147,0.101492511649,0.121384155539,2.17715869263,0.432101503818,-1.56607488561,-2.64686584674,-2.17715869263,-0.432101503818,1.56607488561,2.64686584674,0.0,4.0
4.0,0.0,-4.0,-4.0,-4.0,-4.0,-4.0,-4.0,-4.0,-4.0,-0.0,-0.0,-0.0,-0.0,-0.0,-0.0,-0.0,-0.0,0.0,0.0
0.0,4.0,-0.0,-0.0,-0.0,-0.0,-0.0,-0.0,-0.0,-0.0,-4.0,-4.0,-4.0,-4.0,-4.0,-4.0,-4.0,-4.0,0.0,0.0
2.38521202093,0.0997700413841,-1.09722311623,-2.16767713456,-1.96833528632,-0.615969322646,1.09722311623,2.16767713456,1.96833528632,0.615969322646,1.05263658372e-06,-0.00290020409118,-0.00410256059598,-0.00290169274412,-1.05263658372e-06,0.00290020409118,0.00410256059598,0.00290169274412,0.0,0.0
0.0997700413841,2.32617549875,-1.45108055576e-06,0.00494328693813,0.00699231451117,0.00494533907594,1.45108055576e-06,-0.00494328693813,-0.00699231451117,-0.00494533907594,1.25297633592,-0.427217982483,-1.85715380083,-2.19919411007,-1.25297633592,0.427217982483,1.85715380083,2.19919411007,0.0,0.0
-1.09722311623,-1.45108055576e-06,4.14541316887,2.2641298028,-0.943450094774,-3.59836972225,-4.14541316887,-2.2641298028,0.943450094774,3.59836972225,0.0992251815106,0.0701550548815,-1.09514281715e-05,-0.0701705425397,-0.0992251815106,-0.0701550548815,1.09514281714e-05,0.0701705425397,4.0,0.0
-2.16767713456,0.00494328693813,2.2641298028,2.60663874498,1.42221406256,-0.595324329109,-2.2641298028,-2.60663874498,-1.42221406256,0.595324329109,0.0701568811327,0.121364389511,0.101478284503,0.0221475767196,-0.0701568811327,-0.121364389511,-0.101478284503,-0.0221475767196,4.0,0.0
-1.96833528632,0.00699231451117,-0.943450094774,1.42221406256,2.95476451065,2.75645398201,0.943450094774,-1.42221406256,-2.95476451065,-2.75645398201,-8.36871891406e-06,0.101480110755,0.143522917659,0.10149194591,8.36871891407e-06,-0.101480110755,-0.143522917659,-0.10149194591,4.0,0.0
-0.615969322646,0.00494533907594,-3.59836972225,-0.595324329109,2.75645398201,4.49353893453,3.59836972225,0.595324329109,-2.75645398201,-4.49353893453,-0.0701687162885,0.0221501594289,0.101493772162,0.121383709658,0.0701687162885,-0.0221501594289,-0.101493772162,-0.121383709658,4.0,0.0
1.09722311623,1.45108055576e-06,-4.14541316887,-2.2641298028,0.943450094774,3.59836972225,4.14541316887,2.2641298028,-0.943450094774,-3.59836972225,-0.0992251815106,-0.0701550548815,1.09514281715e-05,0.0701705425397,0.0992251815106,0.0701550548815,-1.09514281714e-05,-0.0701705425397,4.0,0.0
2.16767713456,-0.00494328693813,-2.2641298028,-2.60663874498,-1.42221406256,0.595324329109,2.2641298028,2.60663874498,1.42221406256,-0.595324329109,-0.0701568811327,-0.121364389511,-0.101478284503,-0.0221475767196,0.0701568811327,0.121364389511,0.101478284503,0.0221475767196,4.0,0.0
1.96833528632,-0.00699231451117,0.943450094774,-1.42221406256,-2.95476451065,-2.75645398201,-0.943450094774,1.42221406256,2.95476451065,2.75645398201,8.36871891405e-06,-0.101480110755,-0.143522917659,-0.10149194591,-8.36871891406e-06,0.101480110755,0.143522917659,0.10149194591,4.0,0.0
0.615969322646,-0.00494533907594,3.59836972225,0.595324329109,-2.75645398201,-4.49353893453,-3.59836972225,-0.595324329109,2.75645398201,4.49353893453,0.0701687162885,-0.0221501594289,-0.101493772162,-0.121383709658,-0.0701687162885,0.0221501594289,0.101493772162,0.121383709658,4.0,0.0
1.05263658372e-06,1.25297633592,0.0992251815106,0.0701568811327,-8.36871891406e-06,-0.0701687162885,-0.0992251815106,-0.0701568811327,8.36871891405e-06,0.0701687162885,4.05736670469,3.56087798768,0.978475239442,-2.17710503362,-4.05736670469,-3.56087798768,-0.978475239442,2.17710503362,0.0,4.0
-0.00290020409118,-0.427217982483,0.0701550548815,0.121364389511,0.101480110755,0.0221501594289,-0.0701550548815,-0.121364389511,-0.101480110755,-0.0221501594289,3.56087798768,4.60116918654,2.9461578787,-0.434672757594,-3.56087798768,-4.60116918654,-2.9461578787,0.434672757594,0.0,4.0
-0.00410256059598,-1.85715380083,-1.09514281715e-05,0.101478284503,0.143522917659,0.101493772162,1.09514281715e-05,-0.101478284503,-0.143522917659,-0.101493772162,0.978475239442,2.9461578787,3.1880211895,1.56238492463,-0.978475239442,-2.9461578787,-3.1880211895,-1.56238492463,0.0,4.0
-0.00290169274412,-2.19919411007,-0.0701705425397,0.0221475767196,0.10149194591,0.121383709658,0.0701705425397,-0.0221475767196,-0.10149194591,-0.121383709658,-2.17710503362,-0.434672757594,1.56238492463,2.64421870766,2.17710503362,0.434672757594,-1.56238492463,-2.64421870766,0.0,4.0
-1.05263658372e-06,-1.25297633592,-0.0992251815106,-0.0701568811327,8.36871891407e-06,0.0701687162885,0.0992251815106,0.0701568811327,-8.36871891406e-06,-0.0701687162885,-4.05736670469,-3.56087798768,-0.978475239442,2.17710503362,4.05736670469,3.56087798768,0.978475239442,-2.17710503362,0.0,4.0
0.00290020409118,0.427217982483,-0.0701550548815,-0.121364389511,-0.101480110755,-0.0221501594289,0.0701550548815,0.121364389511,0.101480110755,0.0221501594289,-3.56087798768,-4.60116918654,-2.9461578787,0.434672757594,3.56087798768,4.60116918654,2.9461578787,-0.434672757594,0.0,4.0
0.00410256059598,1.85715380083,1.09514281714e-05,-0.101478284503,-0.143522917659,-0.101493772162,-1.09514281714e-05,0.101478284503,0.143522917659,0.101493772162,-0.978475239442,-2.9461578787,-3.1880211895,-1.56238492463,0.978475239442,2.9461578787,3.1880211895,1.56238492463,0.0,4.0
0.00290169274412,2.19919411007,0.0701705425397,-0.0221475767196,-0.10149194591,-0.121383709658,-0.0701705425397,0.0221475767196,0.10149194591,0.121383709658,2.17710503362,0.434672757594,-1.56238492463,-2.64421870766,-2.17710503362,-0.434672757594,1.56238492463,2.64421870766,0.0,4.0
4.0,0.0,-4.0,-4.0,-4.0,-4.0,-4.0,-4.0,-4.0,-4.0,-0.0,-0.0,-0.0,-0.0,-0.0,-0.0,-0.0,-0.0,0.0,0.0
0.0,4.0,-0.0,-0.0,-0.0,-0.0,-0.0,-0.0,-0.0,-0.0,-4.0,-4.0,-4.0,-4.0,-4.0,-4.0,-4.0,-4.0,0.0,0.0
2.4277929532,0.14614931717,-1.07168888744,-2.15978691748,-1.9827110631,-0.644189958218,1.07168888744,2.15978691748,1.9827110631,0.644189958218,1.900643291e-07,-0.00299740004685,-0.00423915386244,-0.0029976688384,-1.90064329102e-07,0.00299740004685,0.00423915386244,0.0029976688384,0.0,0.0
0.14614931717,2.34775094649,-5.84928863474e-07,-0.000382861002303,-0.000540862293097,-0.000382033787971,5.8492886347e-07,0.000382861002303,0.000540862293097,0.000382033787971,2.05589179795,2.09901534914,0.912564176428,-0.808454714297,-2.05589179795,-2.09901534914,-0.912564176428,0.808454714297,0.0,0.0
-1.07168888744,-5.84928863474e-07,4.16010419088,2.27281671374,-0.94585596952,-3.61045905389,-4.16010419088,-2.27281671374,0.94585596952,3.61045905389,0.148062948355,0.104695889234,-6.01876173665e-07,-0.104696740415,-0.148062948355,-0.104695889234,6.01876173647e-07,0.104696740415,4.0,0.0
-2.15978691748,-0.000382861002303,2.27281671374,2.5829424041,1.38001546497,-0.631305817258,-2.27281671374,-2.5829424041,-1.38001546497,0.631305817258,0.104696843458,0.145808337851,0.101507285438,-0.00225535810545,-0.104696843458,-0.145808337851,-0.101507285438,0.00225535810545,4.0,0.0
-1.9827110631,-0.000540862293097,-0.94585596952,1.38001546497,2.89749255637,2.71765780512,0.94585596952,-1.38001546497,-2.89749255637,-2.71765780512,7.47601187481e-07,0.101508239662,0.143553581622,0.101507182394,-7.4760118747e-07,-0.101508239662,-0.143553581622,-0.101507182394,4.0,0.0
-0.644189958218,-0.000382033787971,-3.61045905389,-0.631305817258,2.71765780512,4.47465434314,3.61045905389,0.631305817258,-2.71765780512,-4.47465434314,-0.104695786191,-0.00225400862809,0.101508136619,0.145808192126,0.104695786191,0.00225400862809,-0.101508136619,-0.145808192126,4.0,0.0
1.07168888744,5.8492886347e-07,-4.16010419088,-2.27281671374,0.94585596952,3.61045905389,4.16010419088,2.27281671374,-0.94585596952,-3.61045905389,-0.148062948355,-0.104695889234,6.01876173679e-07,0.104696740415,0.148062948355,0.104695889234,-6.01876173661e-07,-0.104696740415,4.0,0.0
2.15978691748,0.000382861002303,-2.27281671374,-2.5829424041,-1.38001546497,0.631305817258,2.27281671374,2.5829424041,1.38001546497,-0.631305817258,-0.104696843458,-0.145808337851,-0.101507285438,0.00225535810545,0.104696843458,0.145808337851,0.101507285438,-0.00225535810545,4.0,0.0
1.9827110631,0.000540862293097,0.94585596952,-1.38001546497,-2.89749255637,-2.71765780512,-0.94585596952,1.38001546497,2.89749255637,2.71765780512,-7.4760118749e-07,-0.101508239662,-0.143553581622,-0.101507182394,7.47601187479e-07,0.101508239662,0.143553581622,0.101507182394,4.0,0.0
0.644189958218,0.000382033787971,3.61045905389,0.631305817258,-2.71765780512,-4.47465434314,-3.61045905389,-0.631305817258,2.71765780512,4.47465434314,0.104695786191,0.00225400862809,-0.101508136619,-0.145808192126,-0.104695786191,-0.00225400862809,0.101508136619,0.145808192126,4.0,0.0
1.900643291e-07,2.05589179795,0.148062948355,0.104696843458,7.47601187481e-07,-0.104695786191,-0.148062948355,-0.104696843458,-7.4760118749e-07,0.104695786191,2.80338123065,1.40403506102,-0.817775805309,-2.56054469587,-2.80338123065,-1.40403506102,0.817775805309,2.56054469587,0.0,4.0
-0.00299740004685,2.09901534914,0.104695889234,0.145808337851,0.101508239662,-0.00225400862809,-0.104695889234,-0.145808337851,-0.101508239662,0.00225400862809,1.40403506102,2.7240817635,2.44839831393,0.738476338155,-1.40403506102,-2.7240817635,-2.44839831393,-0.738476338155,0.0,4.0
-0.00423915386244,0.912564176428,-6.01876173665e-07,0.101507285438,0.143553581622,0.101508136619,6.01876173679e-07,-0.101507285438,-0.143553581622,-0.101508136619,-0.817775805309,2.44839831393,4.28033390696,3.60490794878,0.817775805309,-2.44839831393,-4.28033390696,-3.60490794878,0.0,4.0
-0.0029976688384,-0.808454714297,-0.104696740415,-0.00225535810545,0.101507182394,0.145808192126,0.104696740415,0.00225535810545,-0.101507182394,-0.145808192126,-2.56054469587,0.738476338155,3.60490794878,4.35963337412,2.56054469587,-0.738476338155,-3.60490794878,-4.35963337412,0.0,4.0
-1.90064329102e-07,-2.05589179795,-0.148062948355,-0.104696843458,-7.4760118747e-07,0.104695786191,0.148062948355,0.104696843458,7.47601187479e-07,-0.104695786191,-2.80338123065,-1.40403506102,0.817775805309,2.56054469587,2.80338123065,1.40403506102,-0.817775805309,-2.56054469587,0.0,4.0
0.00299740004685,-2.09901534914,-0.104695889234,-0.145808337851,-0.101508239662,0.00225400862809,0.104695889234,0.145808337851,0.101508239662,-0.00225400862809,-1.40403506102,-2.7240817635,-2.44839831393,-0.738476338155,1.40403506102,2.7240817635,2.44839831393,0.738476338155,0.0,4.0
0.00423915386244,-0.912564176428,6.01876173647e-07,-0.101507285438,-0.143553581622,-0.101508136619,-6.01876173661e-07,0.101507285438,0.143553581622,0.101508136619,0.817775805309,-2.44839831393,-4.28033390696,-3.60490794878,-0.817775805309,2.44839831393,4.28033390696,3.60490794878,0.0,4.0
0.0029976688384,0.808454714297,0.104696740415,0.00225535810545,-0.101507182394,-0.145808192126,-0.104696740415,-0.00225535810545,0.101507182394,0.145808192126,2.56054469587,-0.738476338155,-3.60490794878,-4.35963337412,-2.56054469587,0.738476338155,3.60490794878,4.35963337412,0.0,4.0
4.0,0.0,-4.0,-4.0,-4.0,-4.0,-4.0,-4.0,-4.0,-4.0,-0.0,-0.0,-0.0,-0.0,-0.0,-0.0,-0.0,-0.0,0.0,0.0
0.0,4.0,-0.0,-0.0,-0.0,-0.0,-0.0,-0.0,-0.0,-0.0,-4.0,-4.0,-4.0,-4.0,-4.0,-4.0,-4.0,-4.0,0.0,0.0
2.43141858216,0.146148467517,-1.06890575293,-2.15887315336,-1.98420194,-0.647212140675,1.06890575293,2.15887315336,1.98420194,0.647212140675,1.93763172708e-07,-0.00299772354433,-0.00423961505582,-0.00299799756684,-1.9376317271e-07,0.00299772354433,0.00423961505582,0.00299799756684,0.0,0.0
0.146148467517,2.34876191314,-6.04618664763e-07,-0.000383201053177,-0.000541323507854,-0.000382345993261,6.0461866476e-07,0.000383201053177,0.000541323507854,0.000382345993261,2.0573750504,2.09773287281,0.909267228563,-0.811834826352,-2.0573750504,-2.09773287281,-0.909267228563,0.811834826352,0.0,0.0
-1.06890575293,-6.04618664763e-07,4.16193584959,2.27426571642,-0.945638428986,-3.61160040779,-4.16193584959,-2.27426571642,0.945638428986,3.61160040779,0.14806294835,0.104695873288,-6.24421520596e-07,-0.104696756353,-0.14806294835,-0.104695873288,6.24421520582e-07,0.104696756353,4.0,0.0
-2.15887315336,-0.000383201053177,2.27426571642,2.58134713015,1.37631040424,-0.634950290446,-2.27426571642,-2.58134713015,-1.37631040424,0.634950290446,0.104696858792,0.145808762251,0.101507870295,-0.00225495539149,-0.104696858792,-0.145808762251,-0.101507870295,0.00225495539149,4.0,0.0
-1.98420194,-0.000541323507854,-0.945638428986,1.37631040424,2.89203526869,2.71364509561,0.945638428986,-1.37631040424,-2.89203526869,-2.71364509561,7.69292524245e-07,0.1015088558,0.143554431281,0.101507767856,-7.69292524234e-07,-0.1015088558,-0.143554431281,-0.101507767856,4.0,0.0
-0.647212140675,-0.000382345993261,-3.61160040779,-0.634950290446,2.71364509561,4.47262398813,3.61160040779,0.634950290446,-2.71364509561,-4.47262398813,-0.104695770848,-0.00225356167745,0.101508753361,0.14580861738,0.104695770848,0.00225356167745,-0.101508753361,-0.14580861738,4.0,0.0
1.06890575293,6.0461866476e-07,-4.16193584959,-2.27426571642,0.945638428986,3.61160040779,4.16193584959,2.27426571642,-0.945638428986,-3.61160040779,-0.14806294835,-0.104695873288,6.2442152061e-07,0.104696756353,0.14806294835,0.104695873288,-6.24421520596e-07,-0.104696756353,4.0,0.0
2.15887315336,0.000383201053177,-2.27426571642,-2.58134713015,-1.37631040424,0.634950290446,2.27426571642,2.58134713015,1.37631040424,-0.634950290446,-0.104696858792,-0.145808762251,-0.101507870295,0.00225495539149,0.104696858792,0.145808762251,0.101507870295,-0.00225495539149,4.0,0.0
1.98420194,0.000541323507854,0.945638428986,-1.37631040424,-2.89203526869,-2.71364509561,-0.945638428986,1.37631040424,2.89203526869,2.71364509561,-7.69292524266e-07,-0.1015088558,-0.143554431281,-0.101507767856,7.69292524255e-07,0.1015088558,0.143554431281,0.101507767856,4.0,0.0
0.647212140675,0.000382345993261,3.61160040779,0.634950290446,-2.71364509561,-4.47262398813,-3.61160040779,-0.634950290446,2.71364509561,4.47262398813,0.104695770848,0.00225356167745,-0.101508753361,-0.14580861738,-0.104695770848,-0.00225356167745,0.101508753361,0.14580861738,4.0,0.0
1.93763172708e-07,2.0573750504,0.14806294835,0.104696858792,7.69292524245e-07,-0.104695770848,-0.14806294835,-0.104696858792,-7.69292524266e-07,0.104695770848,2.79991081236,1.40299929277,-0.81577018453,-2.55667255151,-2.79991081236,-1.40299929277,0.81577018453,2.55667255151,0.0,4.0
-0.00299772354433,2.09773287281,0.104695873288,0.145808762251,0.1015088558,-0.00225356167745,-0.104695873288,-0.145808762251,-0.1015088558,0.00225356167745,1.40299929277,2.72558190095,2.45155559692,0.741441273124,-1.40299929277,-2.72558190095,-2.45155559692,-0.741441273124,0.0,4.0
-0.00423961505582,0.909267228563,-6.24421520596e-07,0.101507870295,0.143554431281,0.101508753361,6.2442152061e-07,-0.101507870295,-0.143554431281,-0.101508753361,-0.81577018453,2.45155559692,4.28279335861,3.60522885566,0.81577018453,-2.45155559692,-4.28279335861,-3.60522885566,0.0,4.0
-0.00299799756684,-0.811834826352,-0.104696756353,-0.00225495539149,0.101507767856,0.14580861738,0.104696756353,0.00225495539149,-0.101507767856,-0.14580861738,-2.55667255151,0.741441273124,3.60522885566,4.35712227001,2.55667255151,-0.741441273124,-3.60522885566,-4.35712227001,0.0,4.0
-1.9376317271e-07,-2.0573750504,-0.14806294835,-0.104696858792,-7.69292524234e-07,0.104695770848,0.14806294835,0.104696858792,7.69292524255e-07,-0.104695770848,-2.79991081236,-1.40299929277,0.81577018453,2.55667255151,2.79991081236,1.40299929277,-0.81577018453,-2.55667255151,0.0,4.0
0.00299772354433,-2.09773287281,-0.104695873288,-0.145808762251,-0.1015088558,0.00225356167745,0.104695873288,0.145808762251,0.1015088558,-0.00225356167745,-1.40299929277,-2.72558190095,-2.45155559692,-0.741441273124,1.40299929277,2.72558190095,2.45155559692,0.741441273124,0.0,4.0
0.00423961505582,-0.909267228563,6.24421520582e-07,-0.101507870295,-0.143554431281,-0.101508753361,-6.24421520596e-07,0.101507870295,0.143554431281,0.101508753361,0.81577018453,-2.45155559692,-4.28279335861,-3.60522885566,-0.81577018453,2.45155559692,4.28279335861,3.60522885566,0.0,4.0
0.00299799756684,0.811834826352,0.104696756353,0.00225495539149,-0.101507767856,-0.14580861738,-0.104696756353,-0.00225495539149,0.101507767856,0.14580861738,2.55667255151,-0.741441273124,-3.60522885566,-4.35712227001,-2.55667255151,0.741441273124,3.60522885566,4.35712227001,0.0,4.0
4.0,0.0,-4.0,-4.0,-4.0,-4.0,-4.0,-4.0,-4.0,-4.0,-0.0,-0.0,-0.0,-0.0,-0.0,-0.0,-0.0,-0.0,0.0,0.0
0.0,4.0,-0.0,-0.0,-0.0,-0.0,-0.0,-0.0,-0.0,-0.0,-4.0,-4.0,-4.0,-4.0,-4.0,-4.0,-4.0,-4.0,0.0,0.0
2.43528119648,0.146147624106,-1.06597165767,-2.15790046552,-1.98576044693,-0.650388890146,1.06597165767,2.15790046552,1.98576044693,0.650388890146,1.974496557e-07,-0.00299804438106,-0.00424007247395,-0.00299832361704,-1.97449655702e-07,0.00299804438106,0.00424007247395,0.00299832361704,0.0,0.0
0.146147624106,2.35003498364,-6.25348207111e-07,-0.000383539171022,-0.000541780949154,-0.000382654795106,6.25348207113e-07,0.000383539171022,0.000541780949154,0.000382654795106,2.05894088832,2.09637401545,0.905779676133,-0.815408112936,-2.05894088832,-2.09637401545,-0.905779676133,0.815408112936,0.0,0.0
-1.06597165767,-6.25348207111e-07,4.16385663199,2.27578178901,-0.945415160968,-3.61280073173,-4.16385663199,-2.27578178901,0.945415160968,3.61280073173,0.148062948343,0.10469585637,-6.48339923836e-07,-0.104696773262,-0.148062948343,-0.10469585637,6.48339923822e-07,0.104696773262,4.0,0.0
-2.15790046552,-0.000383539171022,2.27578178901,2.57963909101,1.37237879953,-0.63880238001,-2.27578178901,-2.57963909101,-1.37237879953,0.63880238001,0.104696874763,0.145809183293,0.101508449769,-0.00225455693464,-0.104696874763,-0.145809183293,-0.101508449769,0.00225455693464,4.0,0.0
-1.98576044693,-0.000541780949154,-0.945415160968,1.37237879953,2.88625187197,2.70939774224,0.945415160968,-1.37237879953,-2.88625187197,-2.70939774224,7.91884130416e-07,0.101509468161,0.143555274698,0.101508348267,-7.91884130405e-07,-0.101509468161,-0.143555274698,-0.101508348267,4.0,0.0
-0.650388890146,-0.000382654795106,-3.61280073173,-0.63880238001,2.70939774224,4.47046941295,3.61280073173,0.63880238001,-2.70939774224,-4.47046941295,-0.104695754869,-0.00225311671059,0.10150936666,0.145809039749,0.104695754869,0.00225311671059,-0.10150936666,-0.145809039749,4.0,0.0
1.06597165767,6.25348207113e-07,-4.16385663199,-2.27578178901,0.945415160968,3.61280073173,4.16385663199,2.27578178901,-0.945415160968,-3.61280073173,-0.148062948343,-0.10469585637,6.48339923843e-07,0.104696773262,0.148062948343,0.10469585637,-6.48339923829e-07,-0.104696773262,4.0,0.0
2.15790046552,0.000383539171022,-2.27578178901,-2.57963909101,-1.37237879953,0.63880238001,2.27578178901,2.57963909101,1.37237879953,-0.63880238001,-0.104696874763,-0.145809183293,-0.101508449769,0.00225455693464,0.104696874763,0.145809183293,0.101508449769,-0.00225455693464,4.0,0.0
