2.3807958399,0.122964723585,0.0997688779676,0.0765730323497,-1.10204015482,-2.1691095886,-1.96554404365,-0.610589455377,1.10204015482,2.1691095886,1.96554404365,0.610589455377,8.02931781767e-07,-0.00295276766419,-0.00417664700902,-0.00295390318121,-8.02931781771e-07,0.00295276766419,0.00417664700902,0.00295390318121,1.04791256053e-06,-0.00291274034373,-0.00412028481033,-0.00291422231588,-1.04791256053e-06,0.00291274034373,0.00412028481033,0.00291422231588,1.29289333931e-06,-0.00287271302326,-0.00406392261164,-0.00287454145056,-1.29289333931e-06,0.00287271302326,0.00406392261164,0.00287454145056,0.0,0.0,0.0,0.0
0.122964723585,2.3280241572,0.175202553663,0.192615163688,-8.72550336737e-07,0.00227622189871,0.00321993643047,0.00227745587123,8.72550336737e-07,-0.00227622189871,-0.00321993643047,-0.00227745587123,1.67486321059,2.24741232505,1.50345777974,-0.121201942489,-1.67486321059,-2.24741232505,-1.50345777974,0.121201942489,-9.75296397789e-07,0.00218639655079,0.00309300695125,0.00218777582818,9.75296397789e-07,-0.00218639655079,-0.00309300695125,-0.00218777582818,-1.0095450848e-06,0.00215645476814,0.00305069712484,0.00215788248049,1.0095450848e-06,-0.00215645476814,-0.00305069712484,-0.00215788248049,0.0,0.0,0.0,0.0
0.0997688779676,0.175202553663,2.32969365936,0.250636229358,-1.46531061723e-06,0.00493074400063,0.0069745903489,0.00493281626278,1.46531061723e-06,-0.00493074400063,-0.0069745903489,-0.00493281626278,-1.81303745704e-06,0.00480089133224,0.00679129867099,0.0048034553544,1.81303745704e-06,-0.00480089133224,-0.00679129867099,-0.0048034553544,1.25250934677,-0.427930659648,-1.8576946894,-2.19924636484,-1.25250934677,0.427930659648,1.8576946894,2.19924636484,-2.16076429688e-06,0.00467103866385,0.00660800699308,0.00467409444602,2.16076429688e-06,-0.00467103866385,-0.00660800699308,-0.00467409444602,0.0,0.0,0.0,0.0
0.0765730323497,0.192615163688,0.250636229358,2.39998628646,-2.05807089771e-06,0.00758526610255,0.0107292442673,0.00758817665433,2.05807089771e-06,-0.00758526610255,-0.0107292442673,-0.00758817665433,-2.68502720331e-06,0.00738544433105,0.0104472805643,0.00738924153294,2.68502720331e-06,-0.00738544433105,-0.0104472805643,-0.00738924153294,-2.99850535613e-06,0.0072855334453,0.0103062987128,0.00728977397224,2.99850535613e-06,-0.0072855334453,-0.0103062987128,-0.00728977397224,-1.75598609889,-0.246087065014,1.40796643402,2.23725229137,1.75598609889,0.246087065014,-1.40796643402,-2.23725229137,0.0,0.0,0.0,0.0
-1.10204015482,-8.72550336737e-07,-1.46531061723e-06,-2.05807089771e-06,4.14180188999,2.26088834344,-0.944422931685,-3.59650406204,-4.14180188999,-2.26088834344,0.944422931685,3.59650406204,0.123644064946,0.087425748644,-5.38551285446e-06,-0.0874333649093,-0.123644064946,-0.087425748644,5.38551285444e-06,0.0874333649093,0.099225181538,0.0701550891728,-1.09029602846e-05,-0.0701705082871,-0.099225181538,-0.0701550891728,1.09029602845e-05,0.0701705082871,0.0748062981301,0.0528844297016,-1.64204077147e-05,-0.0529076516649,-0.0748062981301,-0.0528844297016,1.64204077147e-05,0.0529076516649,4.0,0.0,0.0,0.0
-2.1691095886,0.00227622189871,0.00493074400063,0.00758526610255,2.26088834344,2.60787399859,1.42720243432,-0.589504959715,-2.26088834344,-2.60787399859,-1.42720243432,0.589504959715,0.0874268508714,0.133584029012,0.101489494674,0.00994379079422,-0.0874268508714,-0.133584029012,-0.101489494674,-0.00994379079422,0.0701567425139,0.121364897422,0.101479141416,0.0221482806664,-0.0701567425139,-0.121364897422,-0.101479141416,-0.0221482806664,0.0528866341564,0.109145765831,0.101468788157,0.0343527705386,-0.0528866341564,-0.109145765831,-0.101468788157,-0.0343527705386,4.0,0.0,0.0,0.0
-1.96554404365,0.00321993643047,0.0069745903489,0.0107292442673,-0.944422931685,1.42720243432,2.96279197056,2.76281815293,0.944422931685,-1.42720243432,-2.96279197056,-2.76281815293,-3.82672792617e-06,0.101490596901,0.143533205319,0.101496008712,3.82672792618e-06,-0.101490596901,-0.143533205319,-0.101496008712,-8.56478289212e-06,0.101480794757,0.143524081048,0.101492907189,8.56478289213e-06,-0.101480794757,-0.143524081048,-0.101492907189,-1.33028378581e-05,0.101470992612,0.143514956777,0.101489805666,1.33028378581e-05,-0.101470992612,-0.143514956777,-0.101489805666,4.0,0.0,0.0,0.0
-0.610589455377,0.00227745587123,0.00493281626278,0.00758817665433,-3.59650406204,-0.589504959715,2.76281815293,4.49671986196,3.59650406204,0.589504959715,-2.76281815293,-4.49671986196,-0.087432262682,0.00994534957915,0.101497110939,0.133593241253,0.087432262682,-0.00994534957915,-0.101497110939,-0.133593241253,-0.070168854946,0.0221506188438,0.10149456053,0.121384365165,0.070168854946,-0.0221506188438,-0.10149456053,-0.121384365165,-0.0529054472101,0.0343558881085,0.101492010121,0.109175489076,0.0529054472101,-0.0343558881085,-0.101492010121,-0.109175489076,4.0,0.0,0.0,0.0
1.10204015482,8.72550336737e-07,1.46531061723e-06,2.05807089771e-06,-4.14180188999,-2.26088834344,0.944422931685,3.59650406204,4.14180188999,2.26088834344,-0.944422931685,-3.59650406204,-0.123644064946,-0.087425748644,5.38551285447e-06,0.0874333649093,0.123644064946,0.087425748644,-5.38551285446e-06,-0.0874333649093,-0.099225181538,-0.0701550891728,1.09029602846e-05,0.0701705082871,0.099225181538,0.0701550891728,-1.09029602846e-05,-0.0701705082871,-0.0748062981301,-0.0528844297016,1.64204077147e-05,0.0529076516649,0.0748062981301,0.0528844297016,-1.64204077147e-05,-0.0529076516649,4.0,0.0,0.0,0.0
2.1691095886,-0.00227622189871,-0.00493074400063,-0.00758526610255,-2.26088834344,-2.60787399859,-1.42720243432,0.589504959715,2.26088834344,2.60787399859,1.42720243432,-0.589504959715,-0.0874268508714,-0.133584029012,-0.101489494674,-0.00994379079422,0.0874268508714,0.133584029012,0.101489494674,0.00994379079422,-0.0701567425139,-0.121364897422,-0.101479141416,-0.0221482806664,0.0701567425139,0.121364897422,0.101479141416,0.0221482806664,-0.0528866341564,-0.109145765831,-0.101468788157,-0.0343527705386,0.0528866341564,0.109145765831,0.101468788157,0.0343527705386,4.0,0.0,0.0,0.0
1.96554404365,-0.00321993643047,-0.0069745903489,-0.0107292442673,0.944422931685,-1.42720243432,-2.96279197056,-2.76281815293,-0.944422931685,1.42720243432,2.96279197056,2.76281815293,3.82672792615e-06,-0.101490596901,-0.143533205319,-0.101496008712,-3.82672792616e-06,0.101490596901,0.143533205319,0.101496008712,8.56478289211e-06,-0.101480794757,-0.143524081048,-0.101492907189,-8.56478289212e-06,0.101480794757,0.143524081048,0.101492907189,1.33028378581e-05,-0.101470992612,-0.143514956777,-0.101489805666,-1.33028378581e-05,0.101470992612,0.143514956777,0.101489805666,4.0,0.0,0.0,0.0
0.610589455377,-0.00227745587123,-0.00493281626278,-0.00758817665433,3.59650406204,0.589504959715,-2.76281815293,-4.49671986196,-3.59650406204,-0.589504959715,2.76281815293,4.49671986196,0.087432262682,-0.00994534957915,-0.101497110939,-0.133593241253,-0.087432262682,0.00994534957915,0.101497110939,0.133593241253,0.070168854946,-0.0221506188438,-0.10149456053,-0.121384365165,-0.070168854946,0.0221506188438,0.10149456053,0.121384365165,0.0529054472101,-0.0343558881085,-0.101492010121,-0.109175489076,-0.0529054472101,0.0343558881085,0.101492010121,0.109175489076,4.0,0.0,0.0,0.0
8.02931781767e-07,1.67486321059,-1.81303745704e-06,-2.68502720331e-06,0.123644064946,0.0874268508714,-3.82672792617e-06,-0.087432262682,-0.123644064946,-0.0874268508714,3.82672792615e-06,0.087432262682,3.45482864051,1.68026520709,-1.07857479626,-3.20560031199,-3.45482864051,-1.68026520709,1.07857479626,3.20560031199,0.176505863595,0.124814239633,8.12687140148e-06,-0.124802746502,-0.176505863595,-0.124814239633,-8.1268714015e-06,0.124802746502,0.194126463145,0.137276702554,1.21114045107e-05,-0.137259574442,-0.194126463145,-0.137276702554,-1.21114045107e-05,0.137259574442,0.0,4.0,0.0,0.0
-0.00295276766419,2.24741232505,0.00480089133224,0.00738544433105,0.087425748644,0.133584029012,0.101490596901,0.00994534957915,-0.087425748644,-0.133584029012,-0.101490596901,-0.00994534957915,1.68026520709,2.48750844928,1.8376029784,0.111254605025,-1.68026520709,-2.48750844928,-1.8376029784,-0.111254605025,0.124814790747,0.160014727475,0.101480207028,-0.016500042384,-0.124814790747,-0.160014727475,-0.101480207028,0.016500042384,0.137277804781,0.168824960296,0.101476743737,-0.0253151730384,-0.137277804781,-0.168824960296,-0.101476743737,0.0253151730384,0.0,4.0,0.0,0.0
-0.00417664700902,1.50345777974,0.00679129867099,0.0104472805643,-5.38551285446e-06,0.101489494674,0.143533205319,0.101497110939,5.38551285447e-06,-0.101489494674,-0.143533205319,-0.101497110939,-1.07857479626,1.8376029784,3.67733785056,3.3629380833,1.07857479626,-1.8376029784,-3.67733785056,-3.3629380833,8.90626386561e-06,0.101480758142,0.14350655822,0.101468162782,-8.9062638656e-06,-0.101480758142,-0.14350655822,-0.101468162782,1.3670189439e-05,0.101477845964,0.143497675853,0.101458513397,-1.3670189439e-05,-0.101477845964,-0.143497675853,-0.101458513397,0.0,4.0,0.0,0.0
-0.00295390318121,-0.121201942489,0.0048034553544,0.00738924153294,-0.0874333649093,0.00994379079422,0.101496008712,0.133593241253,0.0874333649093,-0.00994379079422,-0.101496008712,-0.133593241253,-3.20560031199,0.111254605025,3.3629380833,4.64465804179,3.20560031199,-0.111254605025,-3.3629380833,-4.64465804179,-0.124802195388,-0.0164992629915,0.101468713896,0.15999769434,0.124802195388,0.0164992629915,-0.101468713896,-0.15999769434,-0.137258472214,-0.0253136142534,0.101459615624,0.168799178702,0.137258472214,0.0253136142534,-0.101459615624,-0.168799178702,0.0,4.0,0.0,0.0
-8.02931781771e-07,-1.67486321059,1.81303745704e-06,2.68502720331e-06,-0.123644064946,-0.0874268508714,3.82672792618e-06,0.087432262682,0.123644064946,0.0874268508714,-3.82672792616e-06,-0.087432262682,-3.45482864051,-1.68026520709,1.07857479626,3.20560031199,3.45482864051,1.68026520709,-1.07857479626,-3.20560031199,-0.176505863595,-0.124814239633,-8.12687140147e-06,0.124802746502,0.176505863595,0.124814239633,8.12687140149e-06,-0.124802746502,-0.194126463145,-0.137276702554,-1.21114045107e-05,0.137259574442,0.194126463145,0.137276702554,1.21114045107e-05,-0.137259574442,0.0,4.0,0.0,0.0
0.00295276766419,-2.24741232505,-0.00480089133224,-0.00738544433105,-0.087425748644,-0.133584029012,-0.101490596901,-0.00994534957915,0.087425748644,0.133584029012,0.101490596901,0.00994534957915,-1.68026520709,-2.48750844928,-1.8376029784,-0.111254605025,1.68026520709,2.48750844928,1.8376029784,0.111254605025,-0.124814790747,-0.160014727475,-0.101480207028,0.016500042384,0.124814790747,0.160014727475,0.101480207028,-0.016500042384,-0.137277804781,-0.168824960296,-0.101476743737,0.0253151730384,0.137277804781,0.168824960296,0.101476743737,-0.0253151730384,0.0,4.0,0.0,0.0
0.00417664700902,-1.50345777974,-0.00679129867099,-0.0104472805643,5.38551285444e-06,-0.101489494674,-0.143533205319,-0.101497110939,-5.38551285446e-06,0.101489494674,0.143533205319,0.101497110939,1.07857479626,-1.8376029784,-3.67733785056,-3.3629380833,-1.07857479626,1.8376029784,3.67733785056,3.3629380833,-8.90626386563e-06,-0.101480758142,-0.14350655822,-0.101468162782,8.90626386562e-06,0.101480758142,0.14350655822,0.101468162782,-1.3670189439e-05,-0.101477845964,-0.143497675853,-0.101458513397,1.3670189439e-05,0.101477845964,0.143497675853,0.101458513397,0.0,4.0,0.0,0.0
0.00295390318121,0.121201942489,-0.0048034553544,-0.00738924153294,0.0874333649093,-0.00994379079422,-0.101496008712,-0.133593241253,-0.0874333649093,0.00994379079422,0.101496008712,0.133593241253,3.20560031199,-0.111254605025,-3.3629380833,-4.64465804179,-3.20560031199,0.111254605025,3.3629380833,4.64465804179,0.124802195388,0.0164992629915,-0.101468713896,-0.15999769434,-0.124802195388,-0.0164992629915,0.101468713896,0.15999769434,0.137258472214,0.0253136142534,-0.101459615624,-0.168799178702,-0.137258472214,-0.0253136142534,0.101459615624,0.168799178702,0.0,4.0,0.0,0.0
1.04791256053e-06,-9.75296397789e-07,1.25250934677,-2.99850535613e-06,0.099225181538,0.0701567425139,-8.56478289212e-06,-0.070168854946,-0.099225181538,-0.0701567425139,8.56478289211e-06,0.070168854946,0.176505863595,0.124814790747,8.90626386561e-06,-0.124802195388,-0.176505863595,-0.124814790747,-8.90626386563e-06,0.124802195388,4.056885168,3.56151355471,0.979855603656,-2.17578847086,-4.056885168,-3.56151355471,-0.979855603656,2.17578847086,0.253786545653,0.17947283898,2.63773106233e-05,-0.17943553583,-0.253786545653,-0.17947283898,-2.63773106234e-05,0.17943553583,0.0,0.0,4.0,0.0
-0.00291274034373,0.00218639655079,-0.427930659648,0.0072855334453,0.0701550891728,0.121364897422,0.101480794757,0.0221506188438,-0.0701550891728,-0.121364897422,-0.101480794757,-0.0221506188438,0.124814239633,0.160014727475,0.101480758142,-0.0164992629915,-0.124814239633,-0.160014727475,-0.101480758142,0.0164992629915,3.56151355471,4.60079047045,2.94498672623,-0.435950301206,-3.56151355471,-4.60079047045,-2.94498672623,0.435950301206,0.179473390094,0.198664557529,0.101480721527,-0.0551491448269,-0.179473390094,-0.198664557529,-0.101480721527,0.0551491448269,0.0,0.0,4.0,0.0
-0.00412028481033,0.00309300695125,-1.8576946894,0.0103062987128,-1.09029602846e-05,0.101479141416,0.143524081048,0.10149456053,1.09029602846e-05,-0.101479141416,-0.143524081048,-0.10149456053,8.12687140148e-06,0.101480207028,0.14350655822,0.101468713896,-8.12687140147e-06,-0.101480207028,-0.14350655822,-0.101468713896,0.979855603656,2.94498672623,3.18498456558,1.55926164237,-0.979855603656,-2.94498672623,-3.18498456558,-1.55926164237,2.71567030875e-05,0.10148127264,0.143489035392,0.101442867262,-2.71567030875e-05,-0.10148127264,-0.143489035392,-0.101442867262,0.0,0.0,4.0,0.0
-0.00291422231588,0.00218777582818,-2.19924636484,0.00728977397224,-0.0701705082871,0.0221482806664,0.101492907189,0.121384365165,0.0701705082871,-0.0221482806664,-0.101492907189,-0.121384365165,-0.124802746502,-0.016500042384,0.101468162782,0.15999769434,0.124802746502,0.016500042384,-0.101468162782,-0.15999769434,-2.17578847086,-0.435950301206,1.55926164237,2.64107926313,2.17578847086,0.435950301206,-1.55926164237,-2.64107926313,-0.179434984716,-0.0551483654344,0.101443418376,0.198611023515,0.179434984716,0.0551483654344,-0.101443418376,-0.198611023515,0.0,0.0,4.0,0.0
-1.04791256053e-06,9.75296397789e-07,-1.25250934677,2.99850535613e-06,-0.099225181538,-0.0701567425139,8.56478289213e-06,0.070168854946,0.099225181538,0.0701567425139,-8.56478289212e-06,-0.070168854946,-0.176505863595,-0.124814790747,-8.9062638656e-06,0.124802195388,0.176505863595,0.124814790747,8.90626386562e-06,-0.124802195388,-4.056885168,-3.56151355471,-0.979855603656,2.17578847086,4.056885168,3.56151355471,0.979855603656,-2.17578847086,-0.253786545653,-0.17947283898,-2.63773106233e-05,0.17943553583,0.253786545653,0.17947283898,2.63773106234e-05,-0.17943553583,0.0,0.0,4.0,0.0
0.00291274034373,-0.00218639655079,0.427930659648,-0.0072855334453,-0.0701550891728,-0.121364897422,-0.101480794757,-0.0221506188438,0.0701550891728,0.121364897422,0.101480794757,0.0221506188438,-0.124814239633,-0.160014727475,-0.101480758142,0.0164992629915,0.124814239633,0.160014727475,0.101480758142,-0.0164992629915,-3.56151355471,-4.60079047045,-2.94498672623,0.435950301206,3.56151355471,4.60079047045,2.94498672623,-0.435950301206,-0.179473390094,-0.198664557529,-0.101480721527,0.0551491448269,0.179473390094,0.198664557529,0.101480721527,-0.0551491448269,0.0,0.0,4.0,0.0
0.00412028481033,-0.00309300695125,1.8576946894,-0.0103062987128,1.09029602845e-05,-0.101479141416,-0.143524081048,-0.10149456053,-1.09029602846e-05,0.101479141416,0.143524081048,0.10149456053,-8.1268714015e-06,-0.101480207028,-0.14350655822,-0.101468713896,8.12687140149e-06,0.101480207028,0.14350655822,0.101468713896,-0.979855603656,-2.94498672623,-3.18498456558,-1.55926164237,0.979855603656,2.94498672623,3.18498456558,1.55926164237,-2.71567030875e-05,-0.10148127264,-0.143489035392,-0.101442867262,2.71567030875e-05,0.10148127264,0.143489035392,0.101442867262,0.0,0.0,4.0,0.0
0.00291422231588,-0.00218777582818,2.19924636484,-0.00728977397224,0.0701705082871,-0.0221482806664,-0.101492907189,-0.121384365165,-0.0701705082871,0.0221482806664,0.101492907189,0.121384365165,0.124802746502,0.016500042384,-0.101468162782,-0.15999769434,-0.124802746502,-0.016500042384,0.101468162782,0.15999769434,2.17578847086,0.435950301206,-1.55926164237,-2.64107926313,-2.17578847086,-0.435950301206,1.55926164237,2.64107926313,0.179434984716,0.0551483654344,-0.101443418376,-0.198611023515,-0.179434984716,-0.0551483654344,0.101443418376,0.198611023515,0.0,0.0,4.0,0.0
1.29289333931e-06,-1.0095450848e-06,-2.16076429688e-06,-1.75598609889,0.0748062981301,0.0528866341564,-1.33028378581e-05,-0.0529054472101,-0.0748062981301,-0.0528866341564,1.33028378581e-05,0.0529054472101,0.194126463145,0.137277804781,1.3670189439e-05,-0.137258472214,-0.194126463145,-0.137277804781,-1.3670189439e-05,0.137258472214,0.253786545653,0.179473390094,2.71567030875e-05,-0.179434984716,-0.253786545653,-0.179473390094,-2.71567030875e-05,0.179434984716,3.53329025274,3.21900722196,1.01907341794,-1.77781977326,-3.53329025274,-3.21900722196,-1.01907341794,1.77781977326,0.0,0.0,0.0,4.0
-0.00287271302326,0.00215645476814,0.00467103866385,-0.246087065014,0.0528844297016,0.109145765831,0.101470992612,0.0343558881085,-0.0528844297016,-0.109145765831,-0.101470992612,-0.0343558881085,0.137276702554,0.168824960296,0.101477845964,-0.0253136142534,-0.137276702554,-0.168824960296,-0.101477845964,0.0253136142534,0.17947283898,0.198664557529,0.10148127264,-0.0551483654344,-0.17947283898,-0.198664557529,-0.10148127264,0.0551483654344,3.21900722196,4.70187243377,3.43044454242,0.149508763089,-3.21900722196,-4.70187243377,-3.43044454242,-0.149508763089,0.0,0.0,0.0,4.0
-0.00406392261164,0.00305069712484,0.00660800699308,1.40796643402,-1.64204077147e-05,0.101468788157,0.143514956777,0.101492010121,1.64204077147e-05,-0.101468788157,-0.143514956777,-0.101492010121,1.21114045107e-05,0.101476743737,0.143497675853,0.101459615624,-1.21114045107e-05,-0.101476743737,-0.143497675853,-0.101459615624,2.63773106233e-05,0.101480721527,0.143489035392,0.101443418376,-2.63773106233e-05,-0.101480721527,-0.143489035392,-0.101443418376,1.01907341794,3.43044454242,3.83230777892,1.98925709371,-1.01907341794,-3.43044454242,-3.83230777892,-1.98925709371,0.0,0.0,0.0,4.0
-0.00287454145056,0.00215788248049,0.00467409444602,2.23725229137,-0.0529076516649,0.0343527705386,0.101489805666,0.109175489076,0.0529076516649,-0.0343527705386,-0.101489805666,-0.109175489076,-0.137259574442,-0.0253151730384,0.101458513397,0.168799178702,0.137259574442,0.0253151730384,-0.101458513397,-0.168799178702,-0.17943553583,-0.0551491448269,0.101442867262,0.198611023515,0.17943553583,0.0551491448269,-0.101442867262,-0.198611023515,-1.77781977326,0.149508763089,1.98925709371,2.66372559789,1.77781977326,-0.149508763089,-1.98925709371,-2.66372559789,0.0,0.0,0.0,4.0
-1.29289333931e-06,1.0095450848e-06,2.16076429688e-06,1.75598609889,-0.0748062981301,-0.0528866341564,1.33028378581e-05,0.0529054472101,0.0748062981301,0.0528866341564,-1.33028378581e-05,-0.0529054472101,-0.194126463145,-0.137277804781,-1.3670189439e-05,0.137258472214,0.194126463145,0.137277804781,1.3670189439e-05,-0.137258472214,-0.253786545653,-0.179473390094,-2.71567030875e-05,0.179434984716,0.253786545653,0.179473390094,2.71567030875e-05,-0.179434984716,-3.53329025274,-3.21900722196,-1.01907341794,1.77781977326,3.53329025274,3.21900722196,1.01907341794,-1.77781977326,0.0,0.0,0.0,4.0
0.00287271302326,-0.00215645476814,-0.00467103866385,0.246087065014,-0.0528844297016,-0.109145765831,-0.101470992612,-0.0343558881085,0.0528844297016,0.109145765831,0.101470992612,0.0343558881085,-0.137276702554,-0.168824960296,-0.101477845964,0.0253136142534,0.137276702554,0.168824960296,0.101477845964,-0.0253136142534,-0.17947283898,-0.198664557529,-0.10148127264,0.0551483654344,0.17947283898,0.198664557529,0.10148127264,-0.0551483654344,-3.21900722196,-4.70187243377,-3.43044454242,-0.149508763089,3.21900722196,4.70187243377,3.43044454242,0.149508763089,0.0,0.0,0.0,4.0
0.00406392261164,-0.00305069712484,-0.00660800699308,-1.40796643402,1.64204077147e-05,-0.101468788157,-0.143514956777,-0.101492010121,-1.64204077147e-05,0.101468788157,0.143514956777,0.101492010121,-1.21114045107e-05,-0.101476743737,-0.143497675853,-0.101459615624,1.21114045107e-05,0.101476743737,0.143497675853,0.101459615624,-2.63773106234e-05,-0.101480721527,-0.143489035392,-0.101443418376,2.63773106234e-05,0.101480721527,0.143489035392,0.101443418376,-1.01907341794,-3.43044454242,-3.83230777892,-1.98925709371,1.01907341794,3.43044454242,3.83230777892,1.98925709371,0.0,0.0,0.0,4.0
0.00287454145056,-0.00215788248049,-0.00467409444602,-2.23725229137,0.0529076516649,-0.0343527705386,-0.101489805666,-0.109175489076,-0.0529076516649,0.0343527705386,0.101489805666,0.109175489076,0.137259574442,0.0253151730384,-0.101458513397,-0.168799178702,-0.137259574442,-0.0253151730384,0.101458513397,0.168799178702,0.17943553583,0.0551491448269,-0.101442867262,-0.198611023515,-0.17943553583,-0.0551491448269,0.101442867262,0.198611023515,1.77781977326,-0.149508763089,-1.98925709371,-2.66372559789,-1.77781977326,0.149508763089,1.98925709371,2.66372559789,0.0,0.0,0.0,4.0
4.0,0.0,0.0,0.0,-4.0,-4.0,-4.0,-4.0,-4.0,-4.0,-4.0,-4.0,-0.0,-0.0,-0.0,-0.0,-0.0,-0.0,-0.0,-0.0,-0.0,-0.0,-0.0,-0.0,-0.0,-0.0,-0.0,-0.0,-0.0,-0.0,-0.0,-0.0,-0.0,-0.0,-0.0,-0.0,0.0,0.0,0.0,0.0
0.0,4.0,0.0,0.0,-0.0,-0.0,-0.0,-0.0,-0.0,-0.0,-0.0,-0.0,-4.0,-4.0,-4.0,-4.0,-4.0,-4.0,-4.0,-4.0,-0.0,-0.0,-0.0,-0.0,-0.0,-0.0,-0.0,-0.0,-0.0,-0.0,-0.0,-0.0,-0.0,-0.0,-0.0,-0.0,0.0,0.0,0.0,0.0
0.0,0.0,4.0,0.0,-0.0,-0.0,-0.0,-0.0,-0.0,-0.0,-0.0,-0.0,-0.0,-0.0,-0.0,-0.0,-0.0,-0.0,-0.0,-0.0,-4.0,-4.0,-4.0,-4.0,-4.0,-4.0,-4.0,-4.0,-0.0,-0.0,-0.0,-0.0,-0.0,-0.0,-0.0,-0.0,0.0,0.0,0.0,0.0
0.0,0.0,0.0,4.0,-0.0,-0.0,-0.0,-0.0,-0.0,-0.0,-0.0,-0.0,-0.0,-0.0,-0.0,-0.0,-0.0,-0.0,-0.0,-0.0,-0.0,-0.0,-0.0,-0.0,-0.0,-0.0,-0.0,-0.0,-4.0,-4.0,-4.0,-4.0,-4.0,-4.0,-4.0,-4.0,0.0,0.0,0.0,0.0
3.04719134165,0.0455678656808,0.105507097773,0.0620544344055,1.59491653851,2.17097844363,1.47531062009,-0.0845741559856,-1.59491653851,-2.17097844363,-1.47531062009,0.0845741559856,1.59644988749,2.17307182979,1.4767377662,-0.0846492527551,-1.59644988749,-2.17307182979,-1.4767377662,0.0846492527551,-4.69333937633e-06,-0.00525069401569,-0.00742090934948,-0.00524405663149,4.69333937633e-06,0.00525069401569,0.00742090934948,0.00524405663149,-2.66711491334e-06,-0.00484199820583,-0.00684495241676,-0.00483822633575,2.66711491334e-06,0.00484199820583,0.00684495241676,0.00483822633575,0.0,0.0,0.0,0.0
0.0455678656808,3.04394282891,0.105507097773,0.0620544344055,-1.58816540228,-0.0759793956093,1.48071431055,2.17002565558,1.58816540228,0.0759793956093,-1.48071431055,-2.17002565558,-1.58969224006,-0.0760462148065,1.48214665172,2.17211811109,1.58969224006,0.0760462148065,-1.48214665172,-2.17211811109,-4.69333937633e-06,-0.00525069401569,-0.00742090934948,-0.00524405663149,4.69333937633e-06,0.00525069401569,0.00742090934948,0.00524405663149,-2.66711491334e-06,-0.00484199820583,-0.00684495241676,-0.00483822633575,2.66711491334e-06,0.00484199820583,0.00684495241676,0.00483822633575,0.0,0.0,0.0,0.0
0.105507097773,0.105507097773,2.41620998947,0.175305822678,1.66422439167e-06,0.00259905914834,0.0036739604726,0.00259670557963,-1.66422439167e-06,-0.00259905914834,-0.0036739604726,-0.00259670557963,1.66422439167e-06,0.00259905914834,0.0036739604726,0.00259670557963,-1.66422439167e-06,-0.00259905914834,-0.0036739604726,-0.00259670557963,-1.49705759504,-2.24416891149,-1.67667651585,-0.127009756932,1.49705759504,2.24416891149,1.67667651585,0.127009756932,5.50163025456e-07,0.00194407719094,0.0027487901667,0.00194329914293,-5.50163025456e-07,-0.00194407719094,-0.0027487901667,-0.00194329914293,0.0,0.0,0.0,0.0
0.0620544344055,0.0620544344055,0.175305822678,2.29555653021,5.80963677732e-06,0.0056243393462,0.00794820734601,0.00561612327908,-5.80963677732e-06,-0.0056243393462,-0.00794820734601,-0.00561612327908,5.80963677732e-06,0.0056243393462,0.00794820734601,0.00561612327908,-5.80963677732e-06,-0.0056243393462,-0.00794820734601,-0.00561612327908,2.66935094811e-06,0.00456066157895,0.00644708010739,0.00455688654663,-2.66935094811e-06,-0.00456066157895,-0.00644708010739,-0.00455688654663,0.932221746127,-0.779772631027,-2.03498677649,-2.09813326754,-0.932221746127,0.779772631027,2.03498677649,2.09813326754,0.0,0.0,0.0,0.0
1.59491653851,-1.58816540228,1.66422439167e-06,5.80963677732e-06,3.23595410632,1.29672063866,-1.40211419252,-3.27960954572,-3.23595410632,-1.29672063866,1.40211419252,3.27960954572,3.24232779477,3.27981562064,1.39603193803,-1.30552832038,-3.24232779477,-3.27981562064,-1.39603193803,1.30552832038,0.106023473397,0.0749806555023,1.51865297614e-05,-0.0749591785059,-0.106023473397,-0.0749806555023,-1.51865297614e-05,0.0749591785059,0.0605848650035,0.0428694433127,4.16831406889e-05,-0.0428104944498,-0.0605848650035,-0.0428694433127,-4.16831406889e-05,0.0428104944498,4.0,0.0,0.0,0.0
2.17097844363,-0.0759793956093,0.00259905914834,0.0056243393462,1.29672063866,1.8852708853,1.36945501608,0.051430971497,-1.29672063866,-1.8852708853,-1.36945501608,-0.051430971497,1.29761865222,1.78260383581,1.22336386873,-0.0525060609411,-1.29761865222,-1.78260383581,-1.22336386873,0.0525060609411,0.0749873560537,0.124825208969,0.101542147397,0.0187770730318,-0.0749873560537,-0.124825208969,-0.101542147397,-0.0187770730318,0.0428783773812,0.102105644824,0.101520810324,0.0414664619992,-0.0428783773812,-0.102105644824,-0.101520810324,-0.0414664619992,4.0,0.0,0.0,0.0
1.47531062009,1.48071431055,0.0036739604726,0.00794820734601,-1.40211419252,1.36945501608,3.33881604932,3.35234392313,1.40211419252,-1.36945501608,-3.33881604932,-3.35234392313,-1.40721789801,-0.758833099698,0.334065836844,1.23127353689,1.40721789801,0.758833099698,-0.334065836844,-1.23127353689,2.46625404485e-05,0.101548847948,0.143587095471,0.101513969849,-2.46625404485e-05,-0.101548847948,-0.143587095471,-0.101513969849,5.43178216051e-05,0.101529744393,0.143530423683,0.101452927393,-5.43178216051e-05,-0.101529744393,-0.143530423683,-0.101452927393,4.0,0.0,0.0,0.0
-0.0845741559856,2.17002565558,0.00259670557963,0.00561612327908,-3.27960954572,0.051430971497,3.35234392313,4.68949927034,3.27960954572,-0.051430971497,-3.35234392313,-4.68949927034,-3.2877252888,-2.85575589698,-0.750923431536,1.7937897958,3.2877252888,2.85575589698,0.750923431536,-1.7937897958,-0.0749524779545,0.0187865490425,0.101520670401,0.124785359899,0.0749524779545,-0.0187865490425,-0.101520670401,-0.124785359899,-0.0428015603813,0.0414790966801,0.101461861461,0.102009643862,0.0428015603813,-0.0414790966801,-0.101461861461,-0.102009643862,4.0,0.0,0.0,0.0
-1.59491653851,1.58816540228,-1.66422439167e-06,-5.80963677732e-06,-3.23595410632,-1.29672063866,1.40211419252,3.27960954572,3.23595410632,1.29672063866,-1.40211419252,-3.27960954572,-3.24232779477,-3.27981562064,-1.39603193803,1.30552832038,3.24232779477,3.27981562064,1.39603193803,-1.30552832038,-0.106023473397,-0.0749806555023,-1.51865297614e-05,0.0749591785059,0.106023473397,0.0749806555023,1.51865297614e-05,-0.0749591785059,-0.0605848650035,-0.0428694433127,-4.16831406889e-05,0.0428104944498,0.0605848650035,0.0428694433127,4.16831406889e-05,-0.0428104944498,4.0,0.0,0.0,0.0
-2.17097844363,0.0759793956093,-0.00259905914834,-0.0056243393462,-1.29672063866,-1.8852708853,-1.36945501608,-0.051430971497,1.29672063866,1.8852708853,1.36945501608,0.051430971497,-1.29761865222,-1.78260383581,-1.22336386873,0.0525060609411,1.29761865222,1.78260383581,1.22336386873,-0.0525060609411,-0.0749873560537,-0.124825208969,-0.101542147397,-0.0187770730318,0.0749873560537,0.124825208969,0.101542147397,0.0187770730318,-0.0428783773812,-0.102105644824,-0.101520810324,-0.0414664619992,0.0428783773812,0.102105644824,0.101520810324,0.0414664619992,4.0,0.0,0.0,0.0
-1.47531062009,-1.48071431055,-0.0036739604726,-0.00794820734601,1.40211419252,-1.36945501608,-3.33881604932,-3.35234392313,-1.40211419252,1.36945501608,3.33881604932,3.35234392313,1.40721789801,0.758833099698,-0.334065836844,-1.23127353689,-1.40721789801,-0.758833099698,0.334065836844,1.23127353689,-2.46625404485e-05,-0.101548847948,-0.143587095471,-0.101513969849,2.46625404485e-05,0.101548847948,0.143587095471,0.101513969849,-5.43178216051e-05,-0.101529744393,-0.143530423683,-0.101452927393,5.43178216051e-05,0.101529744393,0.143530423683,0.101452927393,4.0,0.0,0.0,0.0
0.0845741559856,-2.17002565558,-0.00259670557963,-0.00561612327908,3.27960954572,-0.051430971497,-3.35234392313,-4.68949927034,-3.27960954572,0.051430971497,3.35234392313,4.68949927034,3.2877252888,2.85575589698,0.750923431536,-1.7937897958,-3.2877252888,-2.85575589698,-0.750923431536,1.7937897958,0.0749524779545,-0.0187865490425,-0.101520670401,-0.124785359899,-0.0749524779545,0.0187865490425,0.101520670401,0.124785359899,0.0428015603813,-0.0414790966801,-0.101461861461,-0.102009643862,-0.0428015603813,0.0414790966801,0.101461861461,0.102009643862,4.0,0.0,0.0,0.0
1.59644988749,-1.58969224006,1.66422439167e-06,5.80963677732e-06,3.24232779477,1.29761865222,-1.40721789801,-3.2877252888,-3.24232779477,-1.29761865222,1.40721789801,3.2877252888,3.24872033561,3.28792936974,1.40111397121,-1.30645498923,-3.24872033561,-3.28792936974,-1.40111397121,1.30645498923,0.106023473397,0.0749806555023,1.51865297614e-05,-0.0749591785059,-0.106023473397,-0.0749806555023,-1.51865297614e-05,0.0749591785059,0.0605848650035,0.0428694433127,4.16831406889e-05,-0.0428104944498,-0.0605848650035,-0.0428694433127,-4.16831406889e-05,0.0428104944498,0.0,4.0,0.0,0.0
2.17307182979,-0.0760462148065,0.00259905914834,0.0056243393462,3.27981562064,1.78260383581,-0.758833099698,-2.85575589698,-3.27981562064,-1.78260383581,0.758833099698,2.85575589698,3.28792936974,4.6901233054,3.34490661795,0.0402889985832,-3.28792936974,-4.6901233054,-3.34490661795,-0.0402889985832,0.0749873560537,0.124825208969,0.101542147397,0.0187770730318,-0.0749873560537,-0.124825208969,-0.101542147397,-0.0187770730318,0.0428783773812,0.102105644824,0.101520810324,0.0414664619992,-0.0428783773812,-0.102105644824,-0.101520810324,-0.0414664619992,0.0,4.0,0.0,0.0
1.4767377662,1.48214665172,0.0036739604726,0.00794820734601,1.39603193803,1.22336386873,0.334065836844,-0.750923431536,-1.39603193803,-1.22336386873,-0.334065836844,0.750923431536,1.40111397121,3.34490661795,3.32929833277,1.36343223744,-1.40111397121,-3.34490661795,-3.32929833277,-1.36343223744,2.46625404485e-05,0.101548847948,0.143587095471,0.101513969849,-2.46625404485e-05,-0.101548847948,-0.143587095471,-0.101513969849,5.43178216051e-05,0.101529744393,0.143530423683,0.101452927393,-5.43178216051e-05,-0.101529744393,-0.143530423683,-0.101452927393,0.0,4.0,0.0,0.0
-0.0846492527551,2.17211811109,0.00259670557963,0.00561612327908,-1.30552832038,-0.0525060609411,1.23127353689,1.7937897958,1.30552832038,0.0525060609411,-1.23127353689,-1.7937897958,-1.30645498923,0.0402889985832,1.36343223744,1.88789536298,1.30645498923,-0.0402889985832,-1.36343223744,-1.88789536298,-0.0749524779545,0.0187865490425,0.101520670401,0.124785359899,0.0749524779545,-0.0187865490425,-0.101520670401,-0.124785359899,-0.0428015603813,0.0414790966801,0.101461861461,0.102009643862,0.0428015603813,-0.0414790966801,-0.101461861461,-0.102009643862,0.0,4.0,0.0,0.0
-1.59644988749,1.58969224006,-1.66422439167e-06,-5.80963677732e-06,-3.24232779477,-1.29761865222,1.40721789801,3.2877252888,3.24232779477,1.29761865222,-1.40721789801,-3.2877252888,-3.24872033561,-3.28792936974,-1.40111397121,1.30645498923,3.24872033561,3.28792936974,1.40111397121,-1.30645498923,-0.106023473397,-0.0749806555023,-1.51865297614e-05,0.0749591785059,0.106023473397,0.0749806555023,1.51865297614e-05,-0.0749591785059,-0.0605848650035,-0.0428694433127,-4.16831406889e-05,0.0428104944498,0.0605848650035,0.0428694433127,4.16831406889e-05,-0.0428104944498,0.0,4.0,0.0,0.0
-2.17307182979,0.0760462148065,-0.00259905914834,-0.0056243393462,-3.27981562064,-1.78260383581,0.758833099698,2.85575589698,3.27981562064,1.78260383581,-0.758833099698,-2.85575589698,-3.28792936974,-4.6901233054,-3.34490661795,-0.0402889985832,3.28792936974,4.6901233054,3.34490661795,0.0402889985832,-0.0749873560537,-0.124825208969,-0.101542147397,-0.0187770730318,0.0749873560537,0.124825208969,0.101542147397,0.0187770730318,-0.0428783773812,-0.102105644824,-0.101520810324,-0.0414664619992,0.0428783773812,0.102105644824,0.101520810324,0.0414664619992,0.0,4.0,0.0,0.0
-1.4767377662,-1.48214665172,-0.0036739604726,-0.00794820734601,-1.39603193803,-1.22336386873,-0.334065836844,0.750923431536,1.39603193803,1.22336386873,0.334065836844,-0.750923431536,-1.40111397121,-3.34490661795,-3.32929833277,-1.36343223744,1.40111397121,3.34490661795,3.32929833277,1.36343223744,-2.46625404485e-05,-0.101548847948,-0.143587095471,-0.101513969849,2.46625404485e-05,0.101548847948,0.143587095471,0.101513969849,-5.43178216051e-05,-0.101529744393,-0.143530423683,-0.101452927393,5.43178216051e-05,0.101529744393,0.143530423683,0.101452927393,0.0,4.0,0.0,0.0
0.0846492527551,-2.17211811109,-0.00259670557963,-0.00561612327908,1.30552832038,0.0525060609411,-1.23127353689,-1.7937897958,-1.30552832038,-0.0525060609411,1.23127353689,1.7937897958,1.30645498923,-0.0402889985832,-1.36343223744,-1.88789536298,-1.30645498923,0.0402889985832,1.36343223744,1.88789536298,0.0749524779545,-0.0187865490425,-0.101520670401,-0.124785359899,-0.0749524779545,0.0187865490425,0.101520670401,0.124785359899,0.0428015603813,-0.0414790966801,-0.101461861461,-0.102009643862,-0.0428015603813,0.0414790966801,0.101461861461,0.102009643862,0.0,4.0,0.0,0.0
-4.69333937633e-06,-4.69333937633e-06,-1.49705759504,2.66935094811e-06,0.106023473397,0.0749873560537,2.46625404485e-05,-0.0749524779545,-0.106023473397,-0.0749873560537,-2.46625404485e-05,0.0749524779545,0.106023473397,0.0749873560537,2.46625404485e-05,-0.0749524779545,-0.106023473397,-0.0749873560537,-2.46625404485e-05,0.0749524779545,3.65909146251,1.79417400057,-1.12174625764,-3.38056277167,-3.65909146251,-1.79417400057,1.12174625764,3.38056277167,0.176505858574,0.12479673693,-1.66206677273e-05,-0.124820242104,-0.176505858574,-0.12479673693,1.66206677273e-05,0.124820242104,0.0,0.0,4.0,0.0
-0.00525069401569,-0.00525069401569,-2.24416891149,0.00456066157895,0.0749806555023,0.124825208969,0.101548847948,0.0187865490425,-0.0749806555023,-0.124825208969,-0.101548847948,-0.0187865490425,0.0749806555023,0.124825208969,0.101548847948,0.0187865490425,-0.0749806555023,-0.124825208969,-0.101548847948,-0.0187865490425,1.79417400057,2.40024407175,1.60028371871,-0.13710113311,-1.79417400057,-2.40024407175,-1.60028371871,0.13710113311,0.124798970447,0.159939535067,0.101389689204,-0.0165528615096,-0.124798970447,-0.159939535067,-0.101389689204,0.0165528615096,0.0,0.0,4.0,0.0
-0.00742090934948,-0.00742090934948,-1.67667651585,0.00644708010739,1.51865297614e-05,0.101542147397,0.143587095471,0.101520670401,-1.51865297614e-05,-0.101542147397,-0.143587095471,-0.101520670401,1.51865297614e-05,0.101542147397,0.143587095471,0.101520670401,-1.51865297614e-05,-0.101542147397,-0.143587095471,-0.101520670401,-1.12174625764,1.60028371871,3.38488919629,3.18667248981,1.12174625764,-1.60028371871,-3.38488919629,-3.18667248981,-1.34619974983e-05,0.101391922722,0.143403294225,0.101410960861,1.34619974983e-05,-0.101391922722,-0.143403294225,-0.101410960861,0.0,0.0,4.0,0.0
-0.00524405663149,-0.00524405663149,-0.127009756932,0.00455688654663,-0.0749591785059,0.0187770730318,0.101513969849,0.124785359899,0.0749591785059,-0.0187770730318,-0.101513969849,-0.124785359899,-0.0749591785059,0.0187770730318,0.101513969849,0.124785359899,0.0749591785059,-0.0187770730318,-0.101513969849,-0.124785359899,-3.38056277167,-0.13710113311,3.18667248981,4.64373658704,3.38056277167,0.13710113311,-3.18667248981,-4.64373658704,-0.124818008587,-0.0165497028393,0.101413194378,0.159969617732,0.124818008587,0.0165497028393,-0.101413194378,-0.159969617732,0.0,0.0,4.0,0.0
4.69333937633e-06,4.69333937633e-06,1.49705759504,-2.66935094811e-06,-0.106023473397,-0.0749873560537,-2.46625404485e-05,0.0749524779545,0.106023473397,0.0749873560537,2.46625404485e-05,-0.0749524779545,-0.106023473397,-0.0749873560537,-2.46625404485e-05,0.0749524779545,0.106023473397,0.0749873560537,2.46625404485e-05,-0.0749524779545,-3.65909146251,-1.79417400057,1.12174625764,3.38056277167,3.65909146251,1.79417400057,-1.12174625764,-3.38056277167,-0.176505858574,-0.12479673693,1.66206677273e-05,0.124820242104,0.176505858574,0.12479673693,-1.66206677273e-05,-0.124820242104,0.0,0.0,4.0,0.0
0.00525069401569,0.00525069401569,2.24416891149,-0.00456066157895,-0.0749806555023,-0.124825208969,-0.101548847948,-0.0187865490425,0.0749806555023,0.124825208969,0.101548847948,0.0187865490425,-0.0749806555023,-0.124825208969,-0.101548847948,-0.0187865490425,0.0749806555023,0.124825208969,0.101548847948,0.0187865490425,-1.79417400057,-2.40024407175,-1.60028371871,0.13710113311,1.79417400057,2.40024407175,1.60028371871,-0.13710113311,-0.124798970447,-0.159939535067,-0.101389689204,0.0165528615096,0.124798970447,0.159939535067,0.101389689204,-0.0165528615096,0.0,0.0,4.0,0.0
0.00742090934948,0.00742090934948,1.67667651585,-0.00644708010739,-1.51865297614e-05,-0.101542147397,-0.143587095471,-0.101520670401,1.51865297614e-05,0.101542147397,0.143587095471,0.101520670401,-1.51865297614e-05,-0.101542147397,-0.143587095471,-0.101520670401,1.51865297614e-05,0.101542147397,0.143587095471,0.101520670401,1.12174625764,-1.60028371871,-3.38488919629,-3.18667248981,-1.12174625764,1.60028371871,3.38488919629,3.18667248981,1.34619974983e-05,-0.101391922722,-0.143403294225,-0.101410960861,-1.34619974983e-05,0.101391922722,0.143403294225,0.101410960861,0.0,0.0,4.0,0.0
0.00524405663149,0.00524405663149,0.127009756932,-0.00455688654663,0.0749591785059,-0.0187770730318,-0.101513969849,-0.124785359899,-0.0749591785059,0.0187770730318,0.101513969849,0.124785359899,0.0749591785059,-0.0187770730318,-0.101513969849,-0.124785359899,-0.0749591785059,0.0187770730318,0.101513969849,0.124785359899,3.38056277167,0.13710113311,-3.18667248981,-4.64373658704,-3.38056277167,-0.13710113311,3.18667248981,4.64373658704,0.124818008587,0.0165497028393,-0.101413194378,-0.159969617732,-0.124818008587,-0.0165497028393,0.101413194378,0.159969617732,0.0,0.0,4.0,0.0
-2.66711491334e-06,-2.66711491334e-06,5.50163025456e-07,0.932221746127,0.0605848650035,0.0428783773812,5.43178216051e-05,-0.0428015603813,-0.0605848650035,-0.0428783773812,-5.43178216051e-05,0.0428015603813,0.0605848650035,0.0428783773812,5.43178216051e-05,-0.0428015603813,-0.0605848650035,-0.0428783773812,-5.43178216051e-05,0.0428015603813,0.176505858574,0.124798970447,-1.34619974983e-05,-0.124818008587,-0.176505858574,-0.124798970447,1.34619974983e-05,0.124818008587,4.35566968647,3.63639899778,0.786975094386,-2.52344814604,-4.35566968647,-3.63639899778,-0.786975094386,2.52344814604,0.0,0.0,0.0,4.0
-0.00484199820583,-0.00484199820583,0.00194407719094,-0.779772631027,0.0428694433127,0.102105644824,0.101529744393,0.0414790966801,-0.0428694433127,-0.102105644824,-0.101529744393,-0.0414790966801,0.0428694433127,0.102105644824,0.101529744393,0.0414790966801,-0.0428694433127,-0.102105644824,-0.101529744393,-0.0414790966801,0.12479673693,0.159939535067,0.101391922722,-0.0165497028393,-0.12479673693,-0.159939535067,-0.101391922722,0.0165497028393,3.63639899778,4.42497852575,2.62146564655,-0.717666255103,-3.63639899778,-4.42497852575,-2.62146564655,0.717666255103,0.0,0.0,0.0,4.0
