3.04849515779,0.0468718519006,0.14895921419,0.105506859556,0.0620545049223,1.59384291126,2.17068094021,1.47596351397,-0.0833533211827,-1.59384291126,-2.17068094021,-1.47596351397,0.0833533211827,1.59537625266,2.17277544378,1.47739224793,-0.0834272898151,-1.59537625266,-2.17277544378,-1.47739224793,0.0834272898151,-6.88242819615e-06,-0.00565974400292,-0.00799720430029,-0.00565001077962,6.88242819615e-06,0.00565974400292,0.00799720430029,0.00565001077962,-4.84341651628e-06,-0.0052490870647,-0.00741848670046,-0.00524223743937,4.84341651627e-06,0.0052490870647,0.00741848670046,0.00524223743937,-2.80440483639e-06,-0.00483843012648,-0.00683976910063,-0.00483446409913,2.80440483639e-06,0.00483843012648,0.00683976910063,0.00483446409913,0.0,0.0,0.0,0.0,0.0
0.0468718519006,3.04524698433,0.14895921419,0.105506859556,0.0620545049223,-1.58801038911,-0.0761038993528,1.48038322249,2.16968193011,1.58801038911,0.0761038993528,-1.48038322249,-2.16968193011,-1.58953809833,-0.0761708788839,1.48181620835,2.17177545768,1.58953809833,0.0761708788839,-1.48181620835,-2.17177545768,-6.88242819615e-06,-0.00565974400292,-0.00799720430029,-0.00565001077962,6.88242819615e-06,0.00565974400292,0.00799720430029,0.00565001077962,-4.84341651627e-06,-0.0052490870647,-0.00741848670046,-0.00524223743937,4.84341651627e-06,0.0052490870647,0.00741848670046,0.00524223743937,-2.80440483639e-06,-0.00483843012648,-0.00683976910063,-0.00483446409913,2.80440483639e-06,0.00483843012648,0.00683976910063,0.00483446409913,0.0,0.0,0.0,0.0,0.0
0.14895921419,0.14895921419,2.60646138469,0.14040663356,0.137555773349,-2.49300997746e-06,-0.000426468484134,-0.000600624504209,-0.000422942835612,2.49300997745e-06,0.000426468484134,0.000600624504209,0.000422942835612,-2.49300997746e-06,-0.000426468484134,-0.000600624504209,-0.000422942835612,2.49300997745e-06,0.000426468484134,0.000600624504209,0.000422942835612,0.124239694499,1.66887281291,2.23590287139,1.49317135196,-0.124239694499,-1.66887281291,-2.23590287139,-1.49317135196,-1.02129416383e-06,-0.000344883843901,-0.000486718115324,-0.000343439515843,1.02129416383e-06,0.000344883843901,0.000486718115324,0.000343439515843,-5.30722225955e-07,-0.000317688963823,-0.000448749319029,-0.000316938409253,5.30722225955e-07,0.000317688963823,0.000448749319029,0.000316938409253,0.0,0.0,0.0,0.0,0.0
0.105506859556,0.105506859556,0.14040663356,2.4182733928,0.175306407563,1.74071081177e-06,0.00260082621347,0.00367638299366,0.00259836447664,-1.74071081177e-06,-0.00260082621347,-0.00367638299366,-0.00259836447664,1.74071081177e-06,0.00260082621347,0.00367638299366,0.00259836447664,-1.74071081177e-06,-0.00260082621347,-0.00367638299366,-0.00259836447664,1.17341494552e-06,0.00227175391549,0.00321157178272,0.00227009445616,-1.17341494552e-06,-0.00227175391549,-0.00321157178272,-0.00227009445616,-1.49469392474,-2.24397757561,-1.67876959635,-0.130161155646,1.49469392474,2.24397757561,1.67876959635,0.130161155646,6.06119079261e-07,0.00194268161751,0.00274676057177,0.00194182443568,-6.06119079257e-07,-0.00194268161751,-0.00274676057177,-0.00194182443568,0.0,0.0,0.0,0.0,0.0
0.0620545049223,0.0620545049223,0.137555773349,0.175306407563,2.29323892547,5.974431601e-06,0.00562812091108,0.00795339049153,0.00561967178888,-5.974431601e-06,-0.00562812091108,-0.00795339049153,-0.00561967178888,5.974431601e-06,0.00562812091108,0.00795339049153,0.00561967178888,-5.974431601e-06,-0.00562812091108,-0.00795339049153,-0.00561967178888,3.85869599274e-06,0.00491558655496,0.00694783047705,0.00491012953475,-3.85869599274e-06,-0.00491558655496,-0.00694783047705,-0.00491012953475,2.80082818861e-06,0.0045593193769,0.00644505046981,0.00455535840769,-2.80082818861e-06,-0.0045593193769,-0.00644505046981,-0.00455535840769,0.929939151557,-0.781990575137,-2.03584082856,-2.09712313545,-0.929939151557,0.781990575137,2.03584082856,2.09712313545,0.0,0.0,0.0,0.0,0.0
1.59384291126,-1.58801038911,-2.49300997746e-06,1.74071081177e-06,5.974431601e-06,3.23681767191,1.29679088482,-1.40287841504,-3.28076056573,-3.23681767191,-1.29679088482,1.40287841504,3.28076056573,3.24233093327,3.28092172065,1.39759306115,-1.30442665889,-3.24233093327,-3.28092172065,-1.39759306115,1.30442665889,0.151462081458,0.107091757084,-1.14661722478e-05,-0.1071079727,-0.151462081458,-0.107091757084,1.14661722477e-05,0.1071079727,0.10602347423,0.0749812023691,1.5959083045e-05,-0.0749586328174,-0.10602347423,-0.0749812023691,-1.5959083045e-05,0.0749586328174,0.0605848670024,0.0428706476545,4.33843383378e-05,-0.0428092929348,-0.0605848670024,-0.0428706476545,-4.33843383378e-05,0.0428092929348,4.0,0.0,0.0,0.0,0.0
2.17068094021,-0.0761038993528,-0.000426468484134,0.00260082621347,0.00562812091108,1.29679088482,1.88385475471,1.36738205883,0.0499154978341,-1.29679088482,-1.88385475471,-1.36738205883,-0.0499154978341,1.29773734406,1.78281476282,1.22354347272,-0.0524629895453,-1.29773734406,-1.78281476282,-1.22354347272,0.0524629895453,0.107096221811,0.147544888867,0.101563761084,-0.00391204049683,-0.107096221811,-0.147544888867,-0.101563761084,0.00391204049683,0.0749878994599,0.124826098184,0.10154286153,0.0187771937538,-0.0749878994599,-0.124826098184,-0.10154286153,-0.0187771937538,0.042879577109,0.102107307501,0.101521961976,0.0414664280045,-0.042879577109,-0.102107307501,-0.101521961976,-0.0414664280045,4.0,0.0,0.0,0.0,0.0
1.47596351397,1.48038322249,-0.000600624504209,0.00367638299366,0.00795339049153,-1.40287841504,1.36738205883,3.33664866758,3.35135173974,1.40287841504,-1.36738205883,-3.33664866758,-3.35135173974,-1.40705318091,-0.759640903873,0.332758712118,1.23023278755,1.40705318091,0.759640903873,-0.332758712118,-1.23023278755,-5.15209443365e-06,0.101568225811,0.143644314542,0.101575511973,5.15209443368e-06,-0.101568225811,-0.143644314542,-0.101575511973,2.54301997661e-05,0.101549558621,0.143587332855,0.101513594887,-2.54301997661e-05,-0.101549558621,-0.143587332855,-0.101513594887,5.60124939659e-05,0.101530891431,0.143530351167,0.101451677802,-5.60124939659e-05,-0.101530891431,-0.143530351167,-0.101451677802,4.0,0.0,0.0,0.0,0.0
-0.0833533211827,2.16968193011,-0.000422942835612,0.00259836447664,0.00561967178888,-3.28076056573,0.0499154978341,3.35135173974,4.68961158479,3.28076056573,-0.0499154978341,-3.35135173974,-4.68961158479,-3.28761103548,-2.85710923161,-0.752951589043,1.79227488257,3.28761103548,2.85710923161,0.752951589043,-1.79227488257,-0.107103507973,-0.00390572641902,0.1015799767,0.147561507134,0.107103507973,0.00390572641902,-0.1015799767,-0.147561507134,-0.0749519357265,0.0187866648706,0.101520291978,0.124784708901,0.0749519357265,-0.0187866648706,-0.101520291978,-0.124784708901,-0.0428003634803,0.0414790561601,0.101460607256,0.102007910669,0.0428003634803,-0.0414790561601,-0.101460607256,-0.102007910669,4.0,0.0,0.0,0.0,0.0
-1.59384291126,1.58801038911,2.49300997745e-06,-1.74071081177e-06,-5.974431601e-06,-3.23681767191,-1.29679088482,1.40287841504,3.28076056573,3.23681767191,1.29679088482,-1.40287841504,-3.28076056573,-3.24233093327,-3.28092172065,-1.39759306115,1.30442665889,3.24233093327,3.28092172065,1.39759306115,-1.30442665889,-0.151462081458,-0.107091757084,1.14661722478e-05,0.1071079727,0.151462081458,0.107091757084,-1.14661722477e-05,-0.1071079727,-0.10602347423,-0.0749812023691,-1.5959083045e-05,0.0749586328174,0.10602347423,0.0749812023691,1.5959083045e-05,-0.0749586328174,-0.0605848670024,-0.0428706476545,-4.33843383378e-05,0.0428092929348,0.0605848670024,0.0428706476545,4.33843383378e-05,-0.0428092929348,4.0,0.0,0.0,0.0,0.0
-2.17068094021,0.0761038993528,0.000426468484134,-0.00260082621347,-0.00562812091108,-1.29679088482,-1.88385475471,-1.36738205883,-0.0499154978341,1.29679088482,1.88385475471,1.36738205883,0.0499154978341,-1.29773734406,-1.78281476282,-1.22354347272,0.0524629895453,1.29773734406,1.78281476282,1.22354347272,-0.0524629895453,-0.107096221811,-0.147544888867,-0.101563761084,0.00391204049683,0.107096221811,0.147544888867,0.101563761084,-0.00391204049683,-0.0749878994599,-0.124826098184,-0.10154286153,-0.0187771937538,0.0749878994599,0.124826098184,0.10154286153,0.0187771937538,-0.042879577109,-0.102107307501,-0.101521961976,-0.0414664280045,0.042879577109,0.102107307501,0.101521961976,0.0414664280045,4.0,0.0,0.0,0.0,0.0
-1.47596351397,-1.48038322249,0.000600624504209,-0.00367638299366,-0.00795339049153,1.40287841504,-1.36738205883,-3.33664866758,-3.35135173974,-1.40287841504,1.36738205883,3.33664866758,3.35135173974,1.40705318091,0.759640903873,-0.332758712118,-1.23023278755,-1.40705318091,-0.759640903873,0.332758712118,1.23023278755,5.15209443365e-06,-0.101568225811,-0.143644314542,-0.101575511973,-5.15209443368e-06,0.101568225811,0.143644314542,0.101575511973,-2.54301997661e-05,-0.101549558621,-0.143587332855,-0.101513594887,2.54301997661e-05,0.101549558621,0.143587332855,0.101513594887,-5.60124939659e-05,-0.101530891431,-0.143530351167,-0.101451677802,5.60124939659e-05,0.101530891431,0.143530351167,0.101451677802,4.0,0.0,0.0,0.0,0.0
0.0833533211827,-2.16968193011,0.000422942835612,-0.00259836447664,-0.00561967178888,3.28076056573,-0.0499154978341,-3.35135173974,-4.68961158479,-3.28076056573,0.0499154978341,3.35135173974,4.68961158479,3.28761103548,2.85710923161,0.752951589043,-1.79227488257,-3.28761103548,-2.85710923161,-0.752951589043,1.79227488257,0.107103507973,0.00390572641902,-0.1015799767,-0.147561507134,-0.107103507973,-0.00390572641902,0.1015799767,0.147561507134,0.0749519357265,-0.0187866648706,-0.101520291978,-0.124784708901,-0.0749519357265,0.0187866648706,0.101520291978,0.124784708901,0.0428003634803,-0.0414790561601,-0.101460607256,-0.102007910669,-0.0428003634803,0.0414790561601,0.101460607256,0.102007910669,4.0,0.0,0.0,0.0,0.0
1.59537625266,-1.58953809833,-2.49300997746e-06,1.74071081177e-06,5.974431601e-06,3.24233093327,1.29773734406,-1.40705318091,-3.28761103548,-3.24233093327,-1.29773734406,1.40705318091,3.28761103548,3.2478573328,3.28777063737,1.40175249254,-1.30539325133,-3.2478573328,-3.28777063737,-1.40175249254,1.30539325133,0.151462081458,0.107091757084,-1.14661722478e-05,-0.1071079727,-0.151462081458,-0.107091757084,1.14661722477e-05,0.1071079727,0.10602347423,0.0749812023691,1.5959083045e-05,-0.0749586328174,-0.10602347423,-0.0749812023691,-1.5959083045e-05,0.0749586328174,0.0605848670024,0.0428706476545,4.33843383378e-05,-0.0428092929348,-0.0605848670024,-0.0428706476545,-4.33843383378e-05,0.0428092929348,0.0,4.0,0.0,0.0,0.0
2.17277544378,-0.0761708788839,-0.000426468484134,0.00260082621347,0.00562812091108,3.28092172065,1.78281476282,-0.759640903873,-2.85710923161,-3.28092172065,-1.78281476282,0.759640903873,2.85710923161,3.28777063737,4.69010974902,3.34504617871,0.0404999236759,-3.28777063737,-4.69010974902,-3.34504617871,-0.0404999236759,0.107096221811,0.147544888867,0.101563761084,-0.00391204049683,-0.107096221811,-0.147544888867,-0.101563761084,0.00391204049683,0.0749878994599,0.124826098184,0.10154286153,0.0187771937538,-0.0749878994599,-0.124826098184,-0.10154286153,-0.0187771937538,0.042879577109,0.102107307501,0.101521961976,0.0414664280045,-0.042879577109,-0.102107307501,-0.101521961976,-0.0414664280045,0.0,4.0,0.0,0.0,0.0
1.47739224793,1.48181620835,-0.000600624504209,0.00367638299366,0.00795339049153,1.39759306115,1.22354347272,0.332758712118,-0.752951589043,-1.39759306115,-1.22354347272,-0.332758712118,0.752951589043,1.40175249254,3.34504617871,3.32885718015,1.36266879267,-1.40175249254,-3.34504617871,-3.32885718015,-1.36266879267,-5.15209443365e-06,0.101568225811,0.143644314542,0.101575511973,5.15209443368e-06,-0.101568225811,-0.143644314542,-0.101575511973,2.54301997661e-05,0.101549558621,0.143587332855,0.101513594887,-2.54301997661e-05,-0.101549558621,-0.143587332855,-0.101513594887,5.60124939659e-05,0.101530891431,0.143530351167,0.101451677802,-5.60124939659e-05,-0.101530891431,-0.143530351167,-0.101451677802,0.0,4.0,0.0,0.0,0.0
-0.0834272898151,2.17177545768,-0.000422942835612,0.00259836447664,0.00561967178888,-1.30442665889,-0.0524629895453,1.23023278755,1.79227488257,1.30442665889,0.0524629895453,-1.23023278755,-1.79227488257,-1.30539325133,0.0404999236759,1.36266879267,1.88660476394,1.30539325133,-0.0404999236759,-1.36266879267,-1.88660476394,-0.107103507973,-0.00390572641902,0.1015799767,0.147561507134,0.107103507973,0.00390572641902,-0.1015799767,-0.147561507134,-0.0749519357265,0.0187866648706,0.101520291978,0.124784708901,0.0749519357265,-0.0187866648706,-0.101520291978,-0.124784708901,-0.0428003634803,0.0414790561601,0.101460607256,0.102007910669,0.0428003634803,-0.0414790561601,-0.101460607256,-0.102007910669,0.0,4.0,0.0,0.0,0.0
-1.59537625266,1.58953809833,2.49300997745e-06,-1.74071081177e-06,-5.974431601e-06,-3.24233093327,-1.29773734406,1.40705318091,3.28761103548,3.24233093327,1.29773734406,-1.40705318091,-3.28761103548,-3.2478573328,-3.28777063737,-1.40175249254,1.30539325133,3.2478573328,3.28777063737,1.40175249254,-1.30539325133,-0.151462081458,-0.107091757084,1.14661722478e-05,0.1071079727,0.151462081458,0.107091757084,-1.14661722477e-05,-0.1071079727,-0.10602347423,-0.0749812023691,-1.5959083045e-05,0.0749586328174,0.10602347423,0.0749812023691,1.5959083045e-05,-0.0749586328174,-0.0605848670024,-0.0428706476545,-4.33843383378e-05,0.0428092929348,0.0605848670024,0.0428706476545,4.33843383378e-05,-0.0428092929348,0.0,4.0,0.0,0.0,0.0
-2.17277544378,0.0761708788839,0.000426468484134,-0.00260082621347,-0.00562812091108,-3.28092172065,-1.78281476282,0.759640903873,2.85710923161,3.28092172065,1.78281476282,-0.759640903873,-2.85710923161,-3.28777063737,-4.69010974902,-3.34504617871,-0.0404999236759,3.28777063737,4.69010974902,3.34504617871,0.0404999236759,-0.107096221811,-0.147544888867,-0.101563761084,0.00391204049683,0.107096221811,0.147544888867,0.101563761084,-0.00391204049683,-0.0749878994599,-0.124826098184,-0.10154286153,-0.0187771937538,0.0749878994599,0.124826098184,0.10154286153,0.0187771937538,-0.042879577109,-0.102107307501,-0.101521961976,-0.0414664280045,0.042879577109,0.102107307501,0.101521961976,0.0414664280045,0.0,4.0,0.0,0.0,0.0
-1.47739224793,-1.48181620835,0.000600624504209,-0.00367638299366,-0.00795339049153,-1.39759306115,-1.22354347272,-0.332758712118,0.752951589043,1.39759306115,1.22354347272,0.332758712118,-0.752951589043,-1.40175249254,-3.34504617871,-3.32885718015,-1.36266879267,1.40175249254,3.34504617871,3.32885718015,1.36266879267,5.15209443365e-06,-0.101568225811,-0.143644314542,-0.101575511973,-5.15209443368e-06,0.101568225811,0.143644314542,0.101575511973,-2.54301997661e-05,-0.101549558621,-0.143587332855,-0.101513594887,2.54301997661e-05,0.101549558621,0.143587332855,0.101513594887,-5.60124939659e-05,-0.101530891431,-0.143530351167,-0.101451677802,5.60124939659e-05,0.101530891431,0.143530351167,0.101451677802,0.0,4.0,0.0,0.0,0.0
0.0834272898151,-2.17177545768,0.000422942835612,-0.00259836447664,-0.00561967178888,1.30442665889,0.0524629895453,-1.23023278755,-1.79227488257,-1.30442665889,-0.0524629895453,1.23023278755,1.79227488257,1.30539325133,-0.0404999236759,-1.36266879267,-1.88660476394,-1.30539325133,0.0404999236759,1.36266879267,1.88660476394,0.107103507973,0.00390572641902,-0.1015799767,-0.147561507134,-0.107103507973,-0.00390572641902,0.1015799767,0.147561507134,0.0749519357265,-0.0187866648706,-0.101520291978,-0.124784708901,-0.0749519357265,0.0187866648706,0.101520291978,0.124784708901,0.0428003634803,-0.0414790561601,-0.101460607256,-0.102007910669,-0.0428003634803,0.0414790561601,0.101460607256,0.102007910669,0.0,4.0,0.0,0.0,0.0
-6.88242819615e-06,-6.88242819615e-06,0.124239694499,1.17341494552e-06,3.85869599274e-06,0.151462081458,0.107096221811,-5.15209443365e-06,-0.107103507973,-0.151462081458,-0.107096221811,5.15209443365e-06,0.107103507973,0.151462081458,0.107096221811,-5.15209443365e-06,-0.107103507973,-0.151462081458,-0.107096221811,5.15209443365e-06,0.107103507973,4.63708529568,3.18245129848,-0.136419507778,-3.37537761655,-4.63708529568,-3.18245129848,0.136419507778,3.37537761655,0.141264666087,0.0998898454516,9.08094443609e-07,-0.0998885612121,-0.141264666087,-0.0998898454516,-9.08094443627e-07,0.0998885612121,0.137865527629,0.0974877199985,2.92815740273e-06,-0.0974835789586,-0.137865527629,-0.0974877199985,-2.92815740273e-06,0.0974835789586,0.0,0.0,4.0,0.0,0.0
-0.00565974400292,-0.00565974400292,1.66887281291,0.00227175391549,0.00491558655496,0.107091757084,0.147544888867,0.101568225811,-0.00390572641902,-0.107091757084,-0.147544888867,-0.101568225811,0.00390572641902,0.107091757084,0.147544888867,0.101568225811,-0.00390572641902,-0.107091757084,-0.147544888867,-0.101568225811,0.00390572641902,3.18245129848,3.27608284193,1.45062948803,-1.22458294598,-3.18245129848,-3.27608284193,-1.45062948803,1.22458294598,0.0998920778152,0.142382330364,0.101466944828,0.00111359914399,-0.0998920778152,-0.142382330364,-0.101466944828,-0.00111359914399,0.0974921847258,0.14066147753,0.1014331845,0.00278670766499,-0.0974921847258,-0.14066147753,-0.1014331845,-0.00278670766499,0.0,0.0,4.0,0.0,0.0
-0.00799720430029,-0.00799720430029,2.23590287139,0.00321157178272,0.00694783047705,-1.14661722478e-05,0.101563761084,0.143644314542,0.1015799767,1.14661722478e-05,-0.101563761084,-0.143644314542,-0.1015799767,-1.14661722478e-05,0.101563761084,0.143644314542,0.1015799767,1.14661722478e-05,-0.101563761084,-0.143644314542,-0.1015799767,-0.136419507778,1.45062948803,2.18791940373,1.64355580611,0.136419507778,-1.45062948803,-2.18791940373,-1.64355580611,4.06513335065e-06,0.101469177191,0.143495021413,0.101463428225,-4.06513335063e-06,-0.101469177191,-0.143495021413,-0.101463428225,9.24223521676e-06,0.101437649227,0.143445257037,0.101424578733,-9.24223521675e-06,-0.101437649227,-0.143445257037,-0.101424578733,0.0,0.0,4.0,0.0,0.0
-0.00565001077962,-0.00565001077962,1.49317135196,0.00227009445616,0.00491012953475,-0.1071079727,-0.00391204049683,0.101575511973,0.147561507134,0.1071079727,0.00391204049683,-0.101575511973,-0.147561507134,-0.1071079727,-0.00391204049683,0.101575511973,0.147561507134,0.1071079727,0.00391204049683,-0.101575511973,-0.147561507134,-3.37537761655,-1.22458294598,1.64355580611,3.54892185749,3.37537761655,1.22458294598,-1.64355580611,-3.54892185749,-0.0998863288485,0.0011167561829,0.101465660588,0.142377357136,0.0998863288485,-0.0011167561829,-0.101465660588,-0.142377357136,-0.0974791142314,0.00279302174281,0.10142904346,0.140649307137,0.0974791142314,-0.00279302174281,-0.10142904346,-0.140649307137,0.0,0.0,4.0,0.0,0.0
6.88242819615e-06,6.88242819615e-06,-0.124239694499,-1.17341494552e-06,-3.85869599274e-06,-0.151462081458,-0.107096221811,5.15209443368e-06,0.107103507973,0.151462081458,0.107096221811,-5.15209443368e-06,-0.107103507973,-0.151462081458,-0.107096221811,5.15209443368e-06,0.107103507973,0.151462081458,0.107096221811,-5.15209443368e-06,-0.107103507973,-4.63708529568,-3.18245129848,0.136419507778,3.37537761655,4.63708529568,3.18245129848,-0.136419507778,-3.37537761655,-0.141264666087,-0.0998898454516,-9.08094443588e-07,0.0998885612121,0.141264666087,0.0998898454516,9.08094443605e-07,-0.0998885612121,-0.137865527629,-0.0974877199985,-2.9281574027e-06,0.0974835789586,0.137865527629,0.0974877199985,2.92815740271e-06,-0.0974835789586,0.0,0.0,4.0,0.0,0.0
0.00565974400292,0.00565974400292,-1.66887281291,-0.00227175391549,-0.00491558655496,-0.107091757084,-0.147544888867,-0.101568225811,0.00390572641902,0.107091757084,0.147544888867,0.101568225811,-0.00390572641902,-0.107091757084,-0.147544888867,-0.101568225811,0.00390572641902,0.107091757084,0.147544888867,0.101568225811,-0.00390572641902,-3.18245129848,-3.27608284193,-1.45062948803,1.22458294598,3.18245129848,3.27608284193,1.45062948803,-1.22458294598,-0.0998920778152,-0.142382330364,-0.101466944828,-0.00111359914399,0.0998920778152,0.142382330364,0.101466944828,0.00111359914399,-0.0974921847258,-0.14066147753,-0.1014331845,-0.00278670766499,0.0974921847258,0.14066147753,0.1014331845,0.00278670766499,0.0,0.0,4.0,0.0,0.0
0.00799720430029,0.00799720430029,-2.23590287139,-0.00321157178272,-0.00694783047705,1.14661722477e-05,-0.101563761084,-0.143644314542,-0.1015799767,-1.14661722477e-05,0.101563761084,0.143644314542,0.1015799767,1.14661722477e-05,-0.101563761084,-0.143644314542,-0.1015799767,-1.14661722477e-05,0.101563761084,0.143644314542,0.1015799767,0.136419507778,-1.45062948803,-2.18791940373,-1.64355580611,-0.136419507778,1.45062948803,2.18791940373,1.64355580611,-4.06513335067e-06,-0.101469177191,-0.143495021413,-0.101463428225,4.06513335066e-06,0.101469177191,0.143495021413,0.101463428225,-9.24223521681e-06,-0.101437649227,-0.143445257037,-0.101424578733,9.2422352168e-06,0.101437649227,0.143445257037,0.101424578733,0.0,0.0,4.0,0.0,0.0
0.00565001077962,0.00565001077962,-1.49317135196,-0.00227009445616,-0.00491012953475,0.1071079727,0.00391204049683,-0.101575511973,-0.147561507134,-0.1071079727,-0.00391204049683,0.101575511973,0.147561507134,0.1071079727,0.00391204049683,-0.101575511973,-0.147561507134,-0.1071079727,-0.00391204049683,0.101575511973,0.147561507134,3.37537761655,1.22458294598,-1.64355580611,-3.54892185749,-3.37537761655,-1.22458294598,1.64355580611,3.54892185749,0.0998863288485,-0.0011167561829,-0.101465660588,-0.142377357136,-0.0998863288485,0.0011167561829,0.101465660588,0.142377357136,0.0974791142314,-0.00279302174281,-0.10142904346,-0.140649307137,-0.0974791142314,0.00279302174281,0.10142904346,0.140649307137,0.0,0.0,4.0,0.0,0.0
-4.84341651628e-06,-4.84341651627e-06,-1.02129416383e-06,-1.49469392474,2.80082818861e-06,0.10602347423,0.0749878994599,2.54301997661e-05,-0.0749519357265,-0.10602347423,-0.0749878994599,-2.54301997661e-05,0.0749519357265,0.10602347423,0.0749878994599,2.54301997661e-05,-0.0749519357265,-0.10602347423,-0.0749878994599,-2.54301997661e-05,0.0749519357265,0.141264666087,0.0998920778152,4.06513335065e-06,-0.0998863288485,-0.141264666087,-0.0998920778152,-4.06513335067e-06,0.0998863288485,3.66132792162,1.7952906648,-1.12240351506,-3.38260893825,-3.66132792162,-1.7952906648,1.12240351506,3.38260893825,0.176505857943,0.124796256171,-1.72999330648e-05,-0.124820721971,-0.176505857943,-0.124796256171,1.72999330648e-05,0.124820721971,0.0,0.0,0.0,4.0,0.0
-0.0052490870647,-0.0052490870647,-0.000344883843901,-2.24397757561,0.0045593193769,0.0749812023691,0.124826098184,0.101549558621,0.0187866648706,-0.0749812023691,-0.124826098184,-0.101549558621,-0.0187866648706,0.0749812023691,0.124826098184,0.101549558621,0.0187866648706,-0.0749812023691,-0.124826098184,-0.101549558621,-0.0187866648706,0.0998898454516,0.142382330364,0.101469177191,0.0011167561829,-0.0998898454516,-0.142382330364,-0.101469177191,-0.0011167561829,1.7952906648,2.39855511267,1.59677850564,-0.140369293889,-1.7952906648,-2.39855511267,-1.59677850564,0.140369293889,0.124798488534,0.159938562544,0.101388795762,-0.0165531525048,-0.124798488534,-0.159938562544,-0.101388795762,0.0165531525048,0.0,0.0,0.0,4.0,0.0
-0.00741848670046,-0.00741848670046,-0.000486718115324,-1.67876959635,0.00644505046981,1.5959083045e-05,0.10154286153,0.143587332855,0.101520291978,-1.5959083045e-05,-0.10154286153,-0.143587332855,-0.101520291978,1.5959083045e-05,0.10154286153,0.143587332855,0.101520291978,-1.5959083045e-05,-0.10154286153,-0.143587332855,-0.101520291978,9.08094443609e-07,0.101466944828,0.143495021413,0.101465660588,-9.08094443588e-07,-0.101466944828,-0.143495021413,-0.101465660588,-1.12240351506,1.59677850564,3.38058933384,3.1840967791,1.12240351506,-1.59677850564,-3.38058933384,-3.1840967791,-1.41428941578e-05,0.101391028126,0.143402709972,0.101411029198,1.41428941578e-05,-0.101391028126,-0.143402709972,-0.101411029198,0.0,0.0,0.0,4.0,0.0
-0.00524223743937,-0.00524223743937,-0.000343439515843,-0.130161155646,0.00455535840769,-0.0749586328174,0.0187771937538,0.101513594887,0.124784708901,0.0749586328174,-0.0187771937538,-0.101513594887,-0.124784708901,-0.0749586328174,0.0187771937538,0.101513594887,0.124784708901,0.0749586328174,-0.0187771937538,-0.101513594887,-0.124784708901,-0.0998885612121,0.00111359914399,0.101463428225,0.142377357136,0.0998885612121,-0.00111359914399,-0.101463428225,-0.142377357136,-3.38260893825,-0.140369293889,3.1840967791,4.64336214279,3.38260893825,0.140369293889,-3.1840967791,-4.64336214279,-0.124818489607,-0.0165499954659,0.101413261562,0.159970005371,0.124818489607,0.0165499954659,-0.101413261562,-0.159970005371,0.0,0.0,0.0,4.0,0.0
4.84341651627e-06,4.84341651627e-06,1.02129416383e-06,1.49469392474,-2.80082818861e-06,-0.10602347423,-0.0749878994599,-2.54301997661e-05,0.0749519357265,0.10602347423,0.0749878994599,2.54301997661e-05,-0.0749519357265,-0.10602347423,-0.0749878994599,-2.54301997661e-05,0.0749519357265,0.10602347423,0.0749878994599,2.54301997661e-05,-0.0749519357265,-0.141264666087,-0.0998920778152,-4.06513335063e-06,0.0998863288485,0.141264666087,0.0998920778152,4.06513335066e-06,-0.0998863288485,-3.66132792162,-1.7952906648,1.12240351506,3.38260893825,3.66132792162,1.7952906648,-1.12240351506,-3.38260893825,-0.176505857943,-0.124796256171,1.72999330648e-05,0.124820721971,0.176505857943,0.124796256171,-1.72999330648e-05,-0.124820721971,0.0,0.0,0.0,4.0,0.0
0.0052490870647,0.0052490870647,0.000344883843901,2.24397757561,-0.0045593193769,-0.0749812023691,-0.124826098184,-0.101549558621,-0.0187866648706,0.0749812023691,0.124826098184,0.101549558621,0.0187866648706,-0.0749812023691,-0.124826098184,-0.101549558621,-0.0187866648706,0.0749812023691,0.124826098184,0.101549558621,0.0187866648706,-0.0998898454516,-0.142382330364,-0.101469177191,-0.0011167561829,0.0998898454516,0.142382330364,0.101469177191,0.0011167561829,-1.7952906648,-2.39855511267,-1.59677850564,0.140369293889,1.7952906648,2.39855511267,1.59677850564,-0.140369293889,-0.124798488534,-0.159938562544,-0.101388795762,0.0165531525048,0.124798488534,0.159938562544,0.101388795762,-0.0165531525048,0.0,0.0,0.0,4.0,0.0
0.00741848670046,0.00741848670046,0.000486718115324,1.67876959635,-0.00644505046981,-1.5959083045e-05,-0.10154286153,-0.143587332855,-0.101520291978,1.5959083045e-05,0.10154286153,0.143587332855,0.101520291978,-1.5959083045e-05,-0.10154286153,-0.143587332855,-0.101520291978,1.5959083045e-05,0.10154286153,0.143587332855,0.101520291978,-9.08094443627e-07,-0.101466944828,-0.143495021413,-0.101465660588,9.08094443605e-07,0.101466944828,0.143495021413,0.101465660588,1.12240351506,-1.59677850564,-3.38058933384,-3.1840967791,-1.12240351506,1.59677850564,3.38058933384,3.1840967791,1.41428941578e-05,-0.101391028126,-0.143402709972,-0.101411029198,-1.41428941578e-05,0.101391028126,0.143402709972,0.101411029198,0.0,0.0,0.0,4.0,0.0
0.00524223743937,0.00524223743937,0.000343439515843,0.130161155646,-0.00455535840769,0.0749586328174,-0.0187771937538,-0.101513594887,-0.124784708901,-0.0749586328174,0.0187771937538,0.101513594887,0.124784708901,0.0749586328174,-0.0187771937538,-0.101513594887,-0.124784708901,-0.0749586328174,0.0187771937538,0.101513594887,0.124784708901,0.0998885612121,-0.00111359914399,-0.101463428225,-0.142377357136,-0.0998885612121,0.00111359914399,0.101463428225,0.142377357136,3.38260893825,0.140369293889,-3.1840967791,-4.64336214279,-3.38260893825,-0.140369293889,3.1840967791,4.64336214279,0.124818489607,0.0165499954659,-0.101413261562,-0.159970005371,-0.124818489607,-0.0165499954659,0.101413261562,0.159970005371,0.0,0.0,0.0,4.0,0.0
-2.80440483639e-06,-2.80440483639e-06,-5.30722225955e-07,6.06119079261e-07,0.929939151557,0.0605848670024,0.042879577109,5.60124939659e-05,-0.0428003634803,-0.0605848670024,-0.042879577109,-5.60124939659e-05,0.0428003634803,0.0605848670024,0.042879577109,5.60124939659e-05,-0.0428003634803,-0.0605848670024,-0.042879577109,-5.60124939659e-05,0.0428003634803,0.137865527629,0.0974921847258,9.24223521676e-06,-0.0974791142314,-0.137865527629,-0.0974921847258,-9.24223521681e-06,0.0974791142314,0.176505857943,0.124798488534,-1.41428941578e-05,-0.124818489607,-0.176505857943,-0.124798488534,1.41428941578e-05,0.124818489607,4.35777074004,3.63621994315,0.784620819324,-2.52659853914,-4.35777074004,-3.63621994315,-0.784620819324,2.52659853914,0.0,0.0,0.0,0.0,4.0
-0.00483843012648,-0.00483843012648,-0.000317688963823,0.00194268161751,-0.781990575137,0.0428706476545,0.102107307501,0.101530891431,0.0414790561601,-0.0428706476545,-0.102107307501,-0.101530891431,-0.0414790561601,0.0428706476545,0.102107307501,0.101530891431,0.0414790561601,-0.0428706476545,-0.102107307501,-0.101530891431,-0.0414790561601,0.0974877199985,0.14066147753,0.101437649227,0.00279302174281,-0.0974877199985,-0.14066147753,-0.101437649227,-0.00279302174281,0.124796256171,0.159938562544,0.101391028126,-0.0165499954659,-0.124796256171,-0.159938562544,-0.101391028126,0.0165499954659,3.63621994315,4.42378305306,2.61995404749,-0.718608506309,-3.63621994315,-4.42378305306,-2.61995404749,0.718608506309,0.0,0.0,0.0,0.0,4.0
-0.00683976910063,-0.00683976910063,-0.000448749319029,0.00274676057177,-2.03584082856,4.33843383378e-05,0.101521961976,0.143530351167,0.101460607256,-4.33843383378e-05,-0.101521961976,-0.143530351167,-0.101460607256,4.33843383378e-05,0.101521961976,0.143530351167,0.101460607256,-4.33843383378e-05,-0.101521961976,-0.143530351167,-0.101460607256,2.92815740273e-06,0.1014331845,0.143445257037,0.10142904346,-2.9281574027e-06,-0.1014331845,-0.143445257037,-0.10142904346,-1.72999330648e-05,0.101388795762,0.143402709972,0.101413261562,1.72999330648e-05,-0.101388795762,-0.143402709972,-0.101413261562,0.784620819324,2.61995404749,2.92055372743,1.51033264348,-0.784620819324,-2.61995404749,-2.92055372743,-1.51033264348,0.0,0.0,0.0,0.0,4.0
-0.00483446409913,-0.00483446409913,-0.000316938409253,0.00194182443568,-2.09712313545,-0.0428092929348,0.0414664280045,0.101451677802,0.102007910669,0.0428092929348,-0.0414664280045,-0.101451677802,-0.102007910669,-0.0428092929348,0.0414664280045,0.101451677802,0.102007910669,0.0428092929348,-0.0414664280045,-0.101451677802,-0.102007910669,-0.0974835789586,0.00278670766499,0.101424578733,0.140649307137,0.0974835789586,-0.00278670766499,-0.101424578733,-0.140649307137,-0.124820721971,-0.0165531525048,0.101411029198,0.159970005371,0.124820721971,0.0165531525048,-0.101411029198,-0.159970005371,-2.52659853914,-0.718608506309,1.51033264348,2.85454141441,2.52659853914,0.718608506309,-1.51033264348,-2.85454141441,0.0,0.0,0.0,0.0,4.0
2.80440483639e-06,2.80440483639e-06,5.30722225955e-07,-6.06119079257e-07,-0.929939151557,-0.0605848670024,-0.042879577109,-5.60124939659e-05,0.0428003634803,0.0605848670024,0.042879577109,5.60124939659e-05,-0.0428003634803,-0.0605848670024,-0.042879577109,-5.60124939659e-05,0.0428003634803,0.0605848670024,0.042879577109,5.60124939659e-05,-0.0428003634803,-0.137865527629,-0.0974921847258,-9.24223521675e-06,0.0974791142314,0.137865527629,0.0974921847258,9.2422352168e-06,-0.0974791142314,-0.176505857943,-0.124798488534,1.41428941578e-05,0.124818489607,0.176505857943,0.124798488534,-1.41428941578e-05,-0.124818489607,-4.35777074004,-3.63621994315,-0.784620819324,2.52659853914,4.35777074004,3.63621994315,0.784620819324,-2.52659853914,0.0,0.0,0.0,0.0,4.0
0.00483843012648,0.00483843012648,0.000317688963823,-0.00194268161751,0.781990575137,-0.0428706476545,-0.102107307501,-0.101530891431,-0.0414790561601,0.0428706476545,0.102107307501,0.101530891431,0.0414790561601,-0.0428706476545,-0.102107307501,-0.101530891431,-0.0414790561601,0.0428706476545,0.102107307501,0.101530891431,0.0414790561601,-0.0974877199985,-0.14066147753,-0.101437649227,-0.00279302174281,0.0974877199985,0.14066147753,0.101437649227,0.00279302174281,-0.124796256171,-0.159938562544,-0.101391028126,0.0165499954659,0.124796256171,0.159938562544,0.101391028126,-0.0165499954659,-3.63621994315,-4.42378305306,-2.61995404749,0.718608506309,3.63621994315,4.42378305306,2.61995404749,-0.718608506309,0.0,0.0,0.0,0.0,4.0
0.00683976910063,0.00683976910063,0.000448749319029,-0.00274676057177,2.03584082856,-4.33843383378e-05,-0.101521961976,-0.143530351167,-0.101460607256,4.33843383378e-05,0.101521961976,0.143530351167,0.101460607256,-4.33843383378e-05,-0.101521961976,-0.143530351167,-0.101460607256,4.33843383378e-05,0.101521961976,0.143530351167,0.101460607256,-2.92815740273e-06,-0.1014331845,-0.143445257037,-0.10142904346,2.92815740271e-06,0.1014331845,0.143445257037,0.10142904346,1.72999330648e-05,-0.101388795762,-0.143402709972,-0.101413261562,-1.72999330648e-05,0.101388795762,0.143402709972,0.101413261562,-0.784620819324,-2.61995404749,-2.92055372743,-1.51033264348,0.784620819324,2.61995404749,2.92055372743,1.51033264348,0.0,0.0,0.0,0.0,4.0
0.00483446409913,0.00483446409913,0.000316938409253,-0.00194182443568,2.09712313545,0.0428092929348,-0.0414664280045,-0.101451677802,-0.102007910669,-0.0428092929348,0.0414664280045,0.101451677802,0.102007910669,0.0428092929348,-0.0414664280045,-0.101451677802,-0.102007910669,-0.0428092929348,0.0414664280045,0.101451677802,0.102007910669,0.0974835789586,-0.00278670766499,-0.101424578733,-0.140649307137,-0.0974835789586,0.00278670766499,0.101424578733,0.140649307137,0.124820721971,0.0165531525048,-0.101411029198,-0.159970005371,-0.124820721971,-0.0165531525048,0.101411029198,0.159970005371,2.52659853914,0.718608506309,-1.51033264348,-2.85454141441,-2.52659853914,-0.718608506309,1.51033264348,2.85454141441,0.0,0.0,0.0,0.0,4.0
4.0,0.0,0.0,0.0,0.0,-4.0,-4.0,-4.0,-4.0,-4.0,-4.0,-4.0,-4.0,-0.0,-0.0,-0.0,-0.0,-0.0,-0.0,-0.0,-0.0,-0.0,-0.0,-0.0,-0.0,-0.0,-0.0,-0.0,-0.0,-0.0,-0.0,-0.0,-0.0,-0.0,-0.0,-0.0,-0.0,-0.0,-0.0,-0.0,-0.0,-0.0,-0.0,-0.0,-0.0,0.0,0.0,0.0,0.0,0.0
0.0,4.0,0.0,0.0,0.0,-0.0,-0.0,-0.0,-0.0,-0.0,-0.0,-0.0,-0.0,-4.0,-4.0,-4.0,-4.0,-4.0,-4.0,-4.0,-4.0,-0.0,-0.0,-0.0,-0.0,-0.0,-0.0,-0.0,-0.0,-0.0,-0.0,-0.0,-0.0,-0.0,-0.0,-0.0,-0.0,-0.0,-0.0,-0.0,-0.0,-0.0,-0.0,-0.0,-0.0,0.0,0.0,0.0,0.0,0.0
0.0,0.0,4.0,0.0,0.0,-0.0,-0.0,-0.0,-0.0,-0.0,-0.0,-0.0,-0.0,-0.0,-0.0,-0.0,-0.0,-0.0,-0.0,-0.0,-0.0,-4.0,-4.0,-4.0,-4.0,-4.0,-4.0,-4.0,-4.0,-0.0,-0.0,-0.0,-0.0,-0.0,-0.0,-0.0,-0.0,-0.0,-0.0,-0.0,-0.0,-0.0,-0.0,-0.0,-0.0,0.0,0.0,0.0,0.0,0.0
0.0,0.0,0.0,4.0,0.0,-0.0,-0.0,-0.0,-0.0,-0.0,-0.0,-0.0,-0.0,-0.0,-0.0,-0.0,-0.0,-0.0,-0.0,-0.0,-0.0,-0.0,-0.0,-0.0,-0.0,-0.0,-0.0,-0.0,-0.0,-4.0,-4.0,-4.0,-4.0,-4.0,-4.0,-4.0,-4.0,-0.0,-0.0,-0.0,-0.0,-0.0,-0.0,-0.0,-0.0,0.0,0.0,0.0,0.0,0.0
0.0,0.0,0.0,0.0,4.0,-0.0,-0.0,-0.0,-0.0,-0.0,-0.0,-0.0,-0.0,-0.0,-0.0,-0.0,-0.0,-0.0,-0.0,-0.0,-0.0,-0.0,-0.0,-0.0,-0.0,-0.0,-0.0,-0.0,-0.0,-0.0,-0.0,-0.0,-0.0,-0.0,-0.0,-0.0,-0.0,-4.0,-4.0,-4.0,-4.0,-4.0,-4.0,-4.0,-4.0,0.0,0.0,0.0,0.0,0.0
3.04979958163,0.0481760139585,0.14895868,0.105506627209,0.0620545744179,1.59276870663,2.17038181108,1.47661468613,-0.0821332955603,-1.59276870663,-2.17038181108,-1.47661468613,0.0821332955603,1.59430244863,2.17247799052,1.47804538952,-0.0822061548617,-1.59430244863,-2.17247799052,-1.47804538952,0.0822061548617,-7.06859237591e-06,-0.00566010898589,-0.00799753429998,-0.00565011248669,7.06859237591e-06,0.00566010898589,0.00799753429998,0.00565011248669,-5.00816229049e-06,-0.00524753047821,-0.00741612060896,-0.00524044786717,5.00816229049e-06,0.00524753047821,0.00741612060896,0.00524044786717,-2.94773220508e-06,-0.00483495197053,-0.00683470691793,-0.00483078324766,2.94773220508e-06,0.00483495197053,0.00683470691793,0.00483078324766,0.0,0.0,0.0,0.0,0.0
0.0481760139585,3.0465508829,0.14895868,0.105506627209,0.0620545744179,-1.58785462509,-0.0762285502142,1.48005117553,2.16933699566,1.58785462509,0.0762285502142,-1.48005117553,-2.16933699566,-1.5893836136,-0.0762957083975,1.48148518803,2.17143215377,1.5893836136,0.0762957083975,-1.48148518803,-2.17143215377,-7.06859237591e-06,-0.00566010898589,-0.00799753429998,-0.00565011248669,7.06859237591e-06,0.00566010898589,0.00799753429998,0.00565011248669,-5.00816229049e-06,-0.00524753047821,-0.00741612060896,-0.00524044786717,5.00816229049e-06,0.00524753047821,0.00741612060896,0.00524044786717,-2.94773220508e-06,-0.00483495197053,-0.00683470691793,-0.00483078324766,2.94773220508e-06,0.00483495197053,0.00683470691793,0.00483078324766,0.0,0.0,0.0,0.0,0.0
0.14895868,0.14895868,2.60575746484,0.140406802872,0.137556177163,-2.51539501677e-06,-0.000426717742833,-0.000600954624203,-0.000423160437085,2.51539501677e-06,0.000426717742833,0.000600954624203,0.000423160437085,-2.51539501677e-06,-0.000426717742833,-0.000600954624203,-0.000423160437085,2.51539501677e-06,0.000426717742833,0.000600954624203,0.000423160437085,0.130834018718,1.67331715571,2.23559379704,1.48828991202,-0.130834018718,-1.67331715571,-2.23559379704,-1.48828991202,-1.03469623909e-06,-0.000344757628637,-0.00048652621791,-0.000343294347182,1.03469623909e-06,0.000344757628637,0.00048652621791,0.000343294347182,-5.4112997986e-07,-0.000317437590571,-0.000448383415813,-0.000316672317215,5.4112997986e-07,0.000317437590571,0.000448383415813,0.000316672317215,0.0,0.0,0.0,0.0,0.0
0.105506627209,0.105506627209,0.140406802872,2.42036527477,0.175306978535,1.82163374821e-06,0.00260255638638,0.00367874890471,0.00259998020723,-1.82163374821e-06,-0.00260255638638,-0.00367874890471,-0.00259998020723,1.82163374821e-06,0.00260255638638,0.00367874890471,0.00259998020723,-1.82163374821e-06,-0.00260255638638,-0.00367874890471,-0.00259998020723,1.24190244047e-06,0.00227193799289,0.00321176361998,0.00227018167762,-1.24190244047e-06,-0.00227193799289,-0.00321176361998,-0.00227018167762,-1.4923340549,-2.24378040857,-1.68085062989,-0.133301348545,1.4923340549,2.24378040857,1.68085062989,0.133301348545,6.62171132745e-07,0.00194131959941,0.00274477833525,0.00194038314801,-6.62171132742e-07,-0.00194131959941,-0.00274477833525,-0.00194038314801,0.0,0.0,0.0,0.0,0.0
0.0620545744179,0.0620545744179,0.137556177163,0.175306978535,2.29091353968,6.15866251319e-06,0.00563183051559,0.00795845243362,0.00562312085154,-6.15866251319e-06,-0.00563183051559,-0.00795845243362,-0.00562312085154,6.15866251319e-06,0.00563183051559,0.00795845243362,0.00562312085154,-6.15866251319e-06,-0.00563183051559,-0.00795845243362,-0.00562312085154,4.01206737927e-06,0.00491595365249,0.00694819625997,0.00491027973239,-4.01206737927e-06,-0.00491595365249,-0.00694819625997,-0.00491027973239,2.93876981231e-06,0.00455801522094,0.00644306817314,0.00455385917281,-2.93876981231e-06,-0.00455801522094,-0.00644306817314,-0.00455385917281,0.927657001442,-0.784203612785,-2.0366883863,-2.09610872545,-0.927657001442,0.784203612785,2.0366883863,2.09610872545,0.0,0.0,0.0,0.0,0.0
1.59276870663,-1.58785462509,-2.51539501677e-06,1.82163374821e-06,6.15866251319e-06,3.23768170265,1.29686230825,-1.4036414378,-3.28191106629,-3.23768170265,-1.29686230825,1.4036414378,3.28191106629,3.24233353771,3.28202753367,1.39915431249,-1.3033245291,-3.24233353771,-3.28202753367,-1.39915431249,1.3033245291,0.151462081054,0.107091615392,-1.16661500391e-05,-0.107108113819,-0.151462081054,-0.107091615392,1.16661500391e-05,0.107108113819,0.106023475157,0.0749817750453,1.67680429927e-05,-0.0749580614515,-0.106023475157,-0.0749817750453,-1.67680429927e-05,0.0749580614515,0.0605848692601,0.0428719346987,4.52022360245e-05,-0.0428080090835,-0.0605848692601,-0.0428719346987,-4.52022360245e-05,0.0428080090835,4.0,0.0,0.0,0.0,0.0
2.17038181108,-0.0762285502142,-0.000426717742833,0.00260255638638,0.00563183051559,1.29686230825,1.88243952003,1.36530919132,0.0483992551749,-1.29686230825,-1.88243952003,-1.36530919132,-0.0483992551749,1.29785612789,1.78302599809,1.22372342067,-0.0524197399862,-1.29785612789,-1.78302599809,-1.22372342067,0.0524197399862,0.107096097724,0.147544968433,0.101563997694,-0.00391178544527,-0.107096097724,-0.147544968433,-0.101563997694,0.00391178544527,0.0749884985431,0.12482704199,0.10154359719,0.0187772903285,-0.0749884985431,-0.12482704199,-0.10154359719,-0.0187772903285,0.0428808993624,0.102109115547,0.101523196687,0.0414663661023,-0.0428808993624,-0.102109115547,-0.101523196687,-0.0414663661023,4.0,0.0,0.0,0.0,0.0
